1000 4
3.3747859584625974 11.389180265436313 38.43604563819379 129.71342711860396 -0.23108556952987827
1.9468654912488683 3.7902852410156975 7.379175537723361 14.366262208261423 0.9301154845809008
3.022919302268755 9.138041108029016 27.623560850386273 83.50379529202816 0.11839499406352269
2.770004449578607 7.672924650685281 21.254035423679607 58.87377269509384 0.36309570130465996
5.653705944760678 31.96439090982223 180.71726690751612 1021.722286235926 -0.5887239886260764
4.01073856518899 16.086023838294235 64.5168361687961 258.7601629261704 -0.7637779194415848
4.844612883296656 23.47027398900394 113.70439174163089 550.8537611189149 -0.9912711482004508
1.0182556970127687 1.0368446644989595 1.0557729865433583 1.0750468582999597 0.8511938173115295
0.07277015710195602 0.00529549576464336 0.00038535405872583997 2.8042275393355757e-05 0.07270594842869767
2.774717501762782 7.699057214588693 21.362708800392262 59.27548199351021 0.3587002897764392
0.9264344741112733 0.8582808348218316 0.7951409538479483 0.7366459914224602 0.7994832573775679
0.13462368846578743 0.018123537496133386 0.002439857465777478 0.0003284626113737528 0.13421741388625844
4.552655538815059 20.726672455103433 94.36140015393217 429.59495106114343 -0.9872697159132826
5.385919380966118 29.00812757826645 156.235436529323 841.4714655969825 -0.7816244564802008
0.6426062798756019 0.41294283093556045 0.2653596563888001 0.17052178162107484 0.5992838967457667
1.9305882626639408 3.727171039935773 7.195632662640958 13.891803960935913 0.9359700990518044
4.2228724505281505 17.83265173342963 75.30501372496305 318.00346784579074 -0.8825602890471976
3.128387300990206 9.786807104996786 30.61692306451267 95.78159331041557 0.01320496880842584
4.011066804370425 16.088656909122374 64.53267765508564 258.84488113945105 -0.7639897498295146
1.0474697999271987 1.0971929817595256 1.1492765130851768 1.2038324392223587 0.8661614960534285
3.0602231566717633 9.364965768630091 28.65888510660018 87.70258384761338 0.08127973546625948
0.6127251383230657 0.37543209513302006 0.2300366824212981 0.14094925805596903 0.5750989843965906
5.237358296039756 27.429921921096454 143.66032913317727 752.4006165974478 -0.8653393206082959
1.9940403636013475 3.9761969716713943 7.928697255142204 15.810142357528767 0.9117613481475133
3.695519578986078 13.656864958669441 50.469211842331816 186.50996049933326 -0.5260309904154836
6.214032481252341 38.61419967805912 239.94989103702306 1491.0564167770212 -0.06909772299583072
1.9408518673841977 3.766905971128727 7.311006488325875 14.189580595325259 0.9323072598338514
5.396438329916634 29.121546648593434 157.1526305609249 848.0644792062034 -0.7750201479605902
2.5502165023096524 6.503604208652477 16.585598777396054 42.29686770280221 0.5575039958150831
2.761094921217796 7.623645163974708 21.04960794341718 58.11996558619495 0.37138264990029624
0.17946768598747254 0.032208650313698045 0.0057804119405790695 0.0010373971550300812 0.17850583430200045
0.27465573357099293 0.07543577198342026 0.020718867291600447 0.005690555694734573 0.27121559018489744
3.883349757336486 15.080405337805344 58.56248840910223 227.4186251525079 -0.6755844359292579
1.8623878114657382 3.468488360296142 6.459670446426319 12.03041150550982 0.9577875735909328
5.090355747853373 25.91172163970387 131.8998811854432 671.4173183334977 -0.9294168830566543
3.1285686658131873 9.787941896708107 30.62224832084108 95.8038065733339 0.013023619582352442
4.812398127921613 23.159175741623443 111.45117398319628 536.3474210313998 -0.9950032520065312
1.235429667331989 1.5262864629240287 1.8856195771435507 2.3295503669051425 0.944289699825233
3.547662317623564 12.5859079198862 44.65055126046025 158.40507816785416 -0.3950016655465047
4.897925075852963 23.989670048669254 117.4996064928159 575.5042690440187 -0.9828374964848007
5.198521604916344 27.024626876782 140.48810668375413 730.3304578292881 -0.8841463427492462
2.6989036401560247 7.284080858847441 19.65903234513418 53.05783395822767 0.42837081157149437
2.8702324823131597 8.238234502525563 23.645648266061865 67.86850771860261 0.2680420830397869
0.3949227300699076 0.15596396272586907 0.06159371395222152 0.024324757669156278 0.38473686777953614
3.974431958593957 15.796109393492998 62.780561994944776 249.5170719711977 -0.7398445721868361
4.29171665394006 18.418831837706467 79.04840734400625 339.2533662657094 -0.9128145858287718
5.432106982356793 29.50778626776943 160.28945181904223 870.7094504243621 -0.7519916444226705
5.879760921863201 34.5715884982696 203.2726750588609 1195.1947312936868 -0.39257012064942104
5.790654993083174 33.53168524891909 194.17042061314675 1124.3739156325782 -0.4728569584708512
4.69082803115783 22.00386761789604 103.21635901591281 484.170190145894 -0.9997675717385927
5.916823242723242 35.00879728562998 207.14086547940184 1225.6158873863333 -0.35822129974680017
1.783052600315837 3.1792765754930676 5.668817365056143 10.107799543478928 0.977558083106753
1.3875701481931153 1.925350916156664 2.6715594560552525 3.706976150345305 0.9832609923807047
3.6211107670957525 13.112443187576789 47.48160920946566 171.93616634742895 -0.46135169106852486
3.313623801122542 10.980102695365803 36.3839296301339 120.56265520077937 -0.17118386677227662
3.592711863092092 12.90757853120265 46.373210512844565 166.60558353916358 -0.4359730504287125
5.49898338631438 30.23881828296157 166.28275935978522 914.386131149971 -0.7062604042482983
1.1424937899389864 1.3052920600491489 1.4912880726628193 1.703787362027351 0.909672062619971
5.935561424005681 35.23088941814435 209.11510816374755 1241.2155691935154 -0.3406647822585678
2.0586376382147007 4.237988925474201 8.724483512318265 17.96055013244197 0.8833467367447314
5.461481747032163 29.82778287316549 162.9038917162319 889.6966311287046 -0.732306973090037
1.7924687847011178 3.2129443441279024 5.759102443831272 10.323011358463477 0.9755311047936631
1.2281518117022174 1.508356872587439 1.8524912257617538 2.2751404550817593 0.9418694583512655
3.491680491985567 12.191832658112572 42.56998425388421 148.64078356342026 -0.3429803191246471
3.833305531616222 14.694231298719526 56.32747812022978 215.92043346026853 -0.6378572981437791
0.6998875249605698 0.4898425475954323 0.34283468825694724 0.23994572143478335 0.6441316575078185
4.795384436804701 22.99571189674874 110.27327894291363 528.8027656382716 -0.996557853650022
0.3214931770557027 0.1033578628933694 0.03322884771527705 0.010682847821884547 0.31598358596093473
2.3903184122966263 5.7136221121642645 13.657376135611381 32.64547764061243 0.6825705545562544
0.09950510866987623 0.009901266651403878 0.0009852266141173645 9.803508130220257e-05 0.09934098550662375
3.0270549459218286 9.163061645629805 27.73709107419031 83.96169872161198 0.11428743735705096
0.6949166835172531 0.48290919703061813 0.3355816576404969 0.23320129257675637 0.6403214457755655
2.5456006658647343 6.480082750050979 16.49570296338835 41.99147244750826 0.5613299917279897
3.1894600314708885 10.172655292350282 32.44527746888203 103.4829156969822 -0.04784910033411792
0.9321473317924645 0.8688986481678108 0.8099415564877042 0.7549848607878491 0.8029018396663693
2.6242835614204996 6.8868642107418605 18.07308453798503 47.42889865719712 0.49454312028600583
3.748842441792542 14.053819653385068 52.68555558590809 197.5098468498724 -0.5706110908064908
5.979772430875024 35.75767832505299 213.8227790402493 1278.6115591979647 -0.298778924531172
2.767355121831917 7.658254370329343 21.19310945602257 58.648860000668485 0.36556294017633495
1.118651829701767 1.251381916095111 1.3998606700954987 1.565956699929871 0.8995122502263299
4.457477751386809 19.8691079041084 88.56610642246697 394.7814489051029 -0.9676856839535164
4.0164375435429385 16.131770541181233 64.79224884542029 260.23402079332266 -0.7674440679505091
5.309063852162286 28.18615898633625 149.64211780565697 794.4595584030237 -0.8272085574255572
4.9358254615239 24.362372986627623 120.24842089053868 593.5252175395633 -0.9751417464456547
2.3023688041491157 5.300902110319029 12.204631652646746 28.099563183184735 0.7441248440871643
1.9789200537879506 3.916124579284105 7.749697463077217 15.33603172047311 0.9178671079844208
1.6958975581603133 2.8760685277741134 4.877517593353846 8.271770176452756 0.9921850411519407
4.8134747973510565 23.169539624733794 111.52599504988277 536.8275664221094 -0.9948951779275772
5.682150060823341 32.2868293137147 183.4586091487168 1042.4393471329468 -0.5654965963569019
4.863467828981671 23.653319323539687 115.03715757866577 559.4795150213359 -0.9886092814254219
3.7470780853073116 14.040594177390307 52.61120274679266 197.13828485416659 -0.5691612778364648
2.3742227000857157 5.636933429602307 13.383335307433821 31.77501848976802 0.6942446947304595
2.9593889563583438 8.757982995015727 25.918278155423714 76.70226614098465 0.18119723058416298
3.6714569278903832 13.479595973354291 49.48975602153492 181.6995076048692 -0.5054162314557725
1.8111335011756249 3.280204559080677 5.940888367660034 10.75974194941366 0.9712577724036477
3.8688579445454243 14.968061795072245 57.9093047903121 224.04287390110136 -0.664829308730748
3.8188273654414226 14.583442447044277 55.69164909911271 212.67679360625277 -0.6266404100036441
5.231181017470919 27.365254837548083 143.15260164443578 748.8571723239487 -0.8684187591610963
3.227706762920649 10.418090947403694 33.62654260765729 108.5366189883748 -0.08600771691712236
1.7825480892970036 3.1774776906563984 5.6640067862634185 10.096364474619119 0.9776642420475793
5.648148464465817 31.901581076647563 180.1848661720987 1017.710875189918 -0.5932071749792981
3.687190551121895 13.595374160282583 50.12873514276071 184.83419855807938 -0.5189292763084206
3.2903747149700875 10.826565764914484 35.623458242835405 117.21452626201835 -0.1482337594531191
2.344284529037256 5.4956699530834285 12.883414047708383 30.202388233224013 0.7154780464305989
2.780349704841946 7.730344481214695 21.493060996671844 59.7582257982465 0.3534372326426683
2.184056309014094 4.770101960944267 10.418171282440827 22.75387271780434 0.8177761280251958
2.9368927429217133 8.625338983426225 25.33169546566423 74.39647257901214 0.20327334498645577
2.45579670354775 6.030937449155997 14.810756306939973 36.372206515632236 0.6332892099136905
0.4512091324639655 0.20358968121888435 0.0918615234413881 0.041448758298806954 0.436053975709421
1.2740867086044945 1.623296941042634 2.0682210567007537 2.635092958798373 0.9563036901590883
1.3349656853879652 1.7821333811633597 2.3790869106375165 3.175999388256749 0.9723205968293229
0.12416330043727045 0.015416525175475884 0.0019141666470613558 0.00023766924848608173 0.12384451848749983
4.623722996260012 21.378814346143663 98.84971552503791 457.05370284687814 -0.9960717461901216
4.217174432381305 17.78456019313058 75.00059253761661 316.29058126308485 -0.8798667724918094
0.25819773502031995 0.06666607036962335 0.017213028372142013 0.004444364938527573 0.25533844450158233
1.888808489277987 3.567597509168592 6.738508461644638 12.72775198742594 0.9498588494310747
1.377234765866054 1.8967756003101246 2.6123052997935585 3.5977576779318334 0.9813253758619264
3.1338010720875613 9.820709159417149 30.776148892441594 96.44632839385987 0.007791502666285632
5.341507951540565 28.531707196371077 152.40234086044325 814.0583155394531 -0.8085462481698822
0.7770047528638405 0.6037363859729978 0.46910604137785744 0.36449762374773664 0.7011469059103532
1.1802132698927676 1.3929033624309788 1.6439230320192963 1.9401797770715268 0.9246872311764381
3.4721219734439326 12.05563099847219 41.85862129352711 145.33823877132355 -0.32454374197166364
1.682097286340996 2.829451280715743 4.759412321126007 8.005794549943957 0.993812439735442
5.301158120286452 28.102277416278987 148.97461612384993 789.737995981504 -0.8316248520661931
0.4210666334824508 0.1772971098322446 0.07465389716323156 0.031434265154867 0.40873415215515213
5.6122319717753975 31.497147705017966 176.7692993698339 992.0703135517184 -0.6217329496769888
1.106514649964323 1.2243746705856684 1.3547885100482842 1.4990933339717638 0.8941434474663275
3.924262462000893 15.399835870669309 60.43299782824241 237.15494484355315 -0.7051749134458795
5.080020773172155 25.806611055860618 131.09812024894615 665.9811741884675 -0.9331811106460514
2.1343815760170988 4.5555847120412345 9.72335607736597 20.753352068583816 0.8453452348825684
5.771979824209756 33.31575109108449 192.29784312613387 1109.9392707630975 -0.48922897056216946
1.7360590275408496 3.0139009471060803 5.232309947337427 9.083598918966928 0.9863751720997735
1.62761689266157 2.6491367492773046 4.311779724094299 7.017925516371524 0.9983861459217045
1.8146244673943799 3.2928619576663367 5.975307876133491 10.842939872246179 0.9704209006943123
0.9532623023787326 0.9087090171364022 0.8662380498677619 0.825752077825006 0.8153087991189271
1.7639206181672307 3.111415947195465 5.488290740952404 9.680909196462254 0.9814093930967472
5.87647537699696 34.53296285645156 202.9321059206882 1192.5255236450632 -0.39558978450681326
1.1822088949183398 1.3976178712240421 1.6522762790578973 1.9533357139648233 0.9254451789569275
2.579354681216136 6.653070571511594 17.160628723089744 44.26334802951361 0.5330809996420834
1.0518644154950758 1.1064187485847974 1.1638025102729412 1.2241624472199493 0.8683493966274586
4.40712591599908 19.422758839470728 85.59854384163165 377.2435609362383 -0.9537679231245253
3.089205773149415 9.543192308859675 29.4808847748044 91.07251944387845 0.052362922097899146
0.23280307124658017 0.05419726998184028 0.012617290904952503 0.0029373440734844856 0.2307058806038633
0.17891306253003983 0.032009883943877944 0.005726986367630352 0.0010246326701005349 0.17796009130639662
1.4063421411061496 1.9777982178510294 2.7814609803685437 3.9116857905347078 0.9865078596812561
4.369268672449249 19.090508732046423 83.41156174404928 364.4475236483408 -0.9417094953193569
1.4481287601269444 2.097076905906801 3.0368373796416646 4.397731549287642 0.9924857635713757
5.49653797361249 30.2119296953641 166.0610188266796 912.760695917623 -0.7079895259607705
0.202804474372113 0.041129654825349034 0.00834127802796135 0.001691648506052357 0.20141711751839778
5.230096662693082 27.353911101113315 143.06359916153602 748.2364525276104 -0.8689559057381357
5.788487529309874 33.50658787697593 193.95246607560057 1122.6914311575104 -0.47476568356265453
4.9203485552373705 24.209829905026478 119.12080159573952 586.1158640303144 -0.9784542253165023
0.28916517690933463 0.0836164995370068 0.02417897988115787 0.006991718994822258 0.28515216143971056
1.5736635456321426 2.4764169548515267 3.897047085635207 6.132640934276108 0.9999958895308857
5.630669100831923 31.70443452306338 178.51717982836186 1005.171168427213 -0.6071875989238715
5.954400955658559 35.454890740747565 211.1126353094771 1257.0492774383474 -0.32289273430661053
0.5750909807938983 0.3307296361904879 0.19019963085439684 0.10938209225469248 0.5439111388146473
1.13219518140264 1.2818659287913572 1.4513224277817944 1.6431802593961287 0.9053466052027069
2.030882664263267 4.124484396005066 8.37634385887104 17.011371532889275 0.896014164830271
1.2777411785864443 1.6326225194554758 2.08606902219581 2.6654562910331454 0.9573657783561001
5.119750657883965 26.21184679890329 134.19811989303884 687.0609126091767 -0.9181692896350467
1.8747522237972012 3.5146959006325513 6.589183955681783 12.353087273923261 0.9541599695965928
5.546976070181201 30.768943523162882 170.67459342774137 946.727885531587 -0.6714837143284836
5.703553351414912 32.530520832436274 185.53956111711452 1058.2347856295703 -0.5477160444257396
2.3039924790679662 5.308381343601753 12.230470691683145 28.178912489099154 0.7430391829538983
3.2234351633985767 10.390534252634408 33.4932134764391 107.96320205516889 -0.08175117420241954
4.615759619798346 21.305236867760968 98.33985202445007 453.91311799140124 -0.9953350148694834
5.43535010098912 29.543030720322434 160.57671500922922 872.7906641419152 -0.7498499184534959
2.43941552698071 5.950748113274575 14.516347344673164 35.41140310764092 0.6458813174431858
1.2499935493167342 1.562483873333447 1.953094762578234 2.441355854427091 0.9489825852911555
2.146774595793001 4.608641165142203 9.893713774453136 21.239573389043276 0.8386598842319171
0.17111690115017036 0.029280993859237176 0.005010472931789833 0.0008573766013846852 0.17028304407309122
1.392174727505082 1.9381504719038491 2.6982441050865873 3.7564272517411132 0.9840895325554191
2.939330418783114 8.639663310783716 25.394825177431002 74.64378212370224 0.20088596126377653
3.2764889399892905 10.735379773872145 35.174353095676814 115.24837888926314 -0.13448754033886925
4.053178355932701 16.428254785001315 66.58664672031516 269.88755528091855 -0.7904759647706238
0.3640162581100448 0.13250783616843875 0.04823500669229393 0.017558326646041802 0.3560301852323798
5.936296764314727 35.23961927401349 209.19283787200916 1241.8307665774232 -0.33997333441767813
1.062506996742242 1.1289211181262186 1.1994865867791824 1.2744628909513518 0.8735783403878452
4.082177966746681 16.664176952192065 68.0261359882063 277.6947934939692 -0.8079031727449655
6.149545054890226 37.81690438212484 232.55675733435234 1430.118257046773 -0.13324281118304482
2.32098520071543 5.386972301940045 12.503082989466776 29.01947058186922 0.7315601120386939
5.848806508862674 34.20853757811439 200.07911724554882 1170.2240432332642 -0.42084697089691175
2.816924699815725 7.935064764431913 22.352479929565703 62.96525281572889 0.3189941044129291
1.3730925183995888 1.8853830640849252 2.588805379612303 3.554669298338261 0.9805201765924885
0.9517647491618908 0.9058561377471969 0.86216193971972 0.8205753422942685 0.8144407623754348
2.103195477483478 4.423431216506955 9.303340529516667 19.566743727168202 0.8615917378898382
5.739063828969219 32.93685363298284 189.02670532510524 1084.8363272405347 -0.5176666425856253
5.424401719281081 29.42413401213955 159.6083231238067 865.7796623643475 -0.7570483695852629
4.8674841484687414 23.692401935594468 115.3223908606562 561.3299094777606 -0.9879968342418043
3.5772937716629976 12.797030728778875 45.77873832184066 163.76399547331079 -0.42204612071563524
0.041755763933151425 0.0017435438216410694 7.280300422354916e-05 3.039945057982745e-06 0.041743631156863824
4.310641044649925 18.5816262158206 80.09872064225934 345.2768328244713 -0.9203789090642498
2.354858820941525 5.54536006656611 13.058540068050085 30.751018267866087 0.7080506109468824
1.084583720185073 1.1763218460904927 1.2758195239677994 1.3837330855897447 0.884108971489365
6.2230173402818085 38.725944817448074 240.9922261177758 1499.6988020040333 -0.06013167028083079
5.519874638863946 30.469016028773382 168.18514884836526 928.3609377616492 -0.6913173568748942
3.5405428509143952 12.535443679161034 44.38227550129364 157.13734823341832 -0.3884511956043834
0.5029621753373184 0.25297094982004736 0.12723481921863863 0.06399430145285692 0.48202298486985806
1.496460609187949 2.239394354851168 3.351165440472633 5.014887076539278 0.9972383725785106
5.1993528481515785 27.033270039581932 140.55550957515106 730.7976890329581 -0.8837576721310033
4.35908192592341 19.00159523691214 82.82951036093607 361.0606215474422 -0.9382335964190051
3.2099336228392494 10.303673863033909 33.07410917172252 106.16569507576811 -0.06828778405732994
5.884826981981343 34.63118860785564 203.79855313759379 1199.3192243928704 -0.38790573560329594
1.279117336972384 1.6361411617433235 2.0928165257200226 2.6769579011507925 0.9577624142148992
3.1897951173168306 10.174792890458294 32.45550468169387 103.52641036372063 -0.04818379967205072
1.4437188005438957 2.0843239750439047 3.0091777091952707 4.344406432942824 0.9919365111652001
3.824109035932509 14.623809918700664 55.923043649862656 213.8558165382879 -0.6307477013988287
3.3966964824381787 11.537546993807895 39.18954528983246 133.1149906343256 -0.2523458786401568
4.193858639158144 17.588450285241397 73.76347417816315 309.3535834364082 -0.8685484864688978
1.4473010296304862 2.094680270369466 3.0316329120523933 4.387685435075098 0.9923841423510394
0.10344073911623013 0.010699986508911982 0.0011068145130155463 0.00011448971129089842 0.10325636869642495
4.140802559525175 17.146245836970245 70.99921864797427 293.99374630181944 -0.8410438325638036
2.0746890476024094 4.304334644241393 8.93015594362323 18.527296729616676 0.8757096477172649
2.0569069759131686 4.230866307560256 8.70249842217668 17.900229712448557 0.8841566096700691
4.047634603655859 16.383345884712323 66.31379772662441 268.4140223781202 -0.7870683254719341
4.1217019551131155 16.98842700678328 70.02123280815509 288.60665216480345 -0.8305582489438331
2.098372530119949 4.403167275161997 9.239485255723043 19.387882053057528 0.864029844942436
5.2509777215541575 27.572767032258092 144.78398540799017 760.2574818151786 -0.8584334059530456
2.557470217715215 6.54065391450031 16.72752759071698 42.78015362926823 0.5514675339770827
4.746038733277678 22.524883657771987 106.90397030235924 507.3703837961636 -0.9994339004846284
1.6004184151657905 2.5613391036017807 4.099214268888528 6.560458003639573 0.9995612980205977
3.317616666359395 11.006580344905625 36.51561439188264 121.14481088886284 -0.17511641868269406
3.9487933275547262 15.592968743740727 61.57341093205278 243.14067424327527 -0.7223542081392343
5.000136488681269 25.00136490544185 125.01023693053513 625.0682471350594 -0.958885549053662
5.586846220924388 31.21285069625711 174.38139695666118 974.242048586838 -0.6414133552249685
2.6019950401853307 6.770378189149061 17.616490468344796 45.838020824105314 0.513790819563013
5.078038502104266 25.78647502885334 130.94471303006748 664.9422944136768 -0.9338917178180829
3.010976452551402 9.065979197819026 27.297449883953934 82.1919788152873 0.1302451194382822
5.496467591275783 30.21115598194501 166.05463974973824 912.7139457654116 -0.7080392298274175
3.500367665547791 12.252573794012491 42.88851312829954 150.12556457772166 -0.3511275068336986
4.399972149311833 19.359754914719794 85.18238244226997 374.80011035801715 -0.9515935140885317
1.60910119562589 2.589206657764669 4.166295528731643 6.703991116612887 0.9992664582100598
2.787375084456173 7.769459861447058 21.65639883747984 60.36450653863694 0.34685661535896684
4.178823784413871 17.46256822118307 72.97299541962964 304.94128887947284 -0.8609992655001016
5.425394854832379 29.43490933084165 159.69600563600585 866.4138873148687 -0.7563991224607503
6.018491758737459 36.22224304999071 218.00327127935427 1312.0508915726002 -0.26161350175548326
3.3472559787852414 11.204122587513544 37.503066318097474 125.53236295603118 -0.20421655089125912
4.303458190034641 18.51975239337623 79.69898011468858 342.9812287119646 -0.9175464954449756
0.17148536306841958 0.029407229746707682 0.005042909469950595 0.0008647851613756491 0.17064611310847486
3.6665960810778637 13.443926821775548 49.293449399019806 180.739168389256 -0.5012159705583408
6.003331910862399 36.039994031978786 216.36004623946866 1298.8811698250663 -0.2762147513281688
0.6810258469583046 0.4637962042252761 0.3158572027985655 0.21510691905377405 0.629590363628046
5.213011453156766 27.17548841074362 141.66613233033544 738.5071703624607 -0.8772839625461416
0.9410953216259828 0.8856604043863119 0.8334908631173341 0.7843943518977256 0.8082036234289289
0.560911672088484 0.31462190388509903 0.1764750981838532 0.09898694240428449 0.5319583959037952
0.7191602124992282 0.5171914112419351 0.3719434852115258 0.26748695586242444 0.6587530824781282
2.1945497281804442 4.816048509456862 10.56905794733239 23.19432324544166 0.8116918706445256
4.13981735266575 17.13808771343246 70.94855290757538 293.71405047330455 -0.8405104600999621
5.958332600986478 35.501727383978285 211.5310996632922 1260.3726472463136 -0.31916919931063226
3.3744835151998447 11.387138994355501 38.425712821741975 129.66693447677162 -0.2307913018043794
4.667727919867552 21.787683933911065 101.69898060756638 474.70317120400637 -0.9990028605953193
1.0963943940652126 1.2020806673376245 1.3179545048831411 1.4449979307868688 0.8895660817204888
4.6288187429666445 21.425962955239306 99.1768989133207 459.0718885592871 -0.996510039570905
0.2775422994844503 0.0770297280031163 0.021379007838646654 0.005933578996234081 0.2739928298617905
1.397500115825814 1.9530065737331637 2.7293269130006723 3.814234677044951 0.9850217530168954
0.08376824929977054 0.007017119590748509 0.0005878118232441249 4.923996735086652e-05 0.0836703150297031
2.2702117839224596 5.153861543860397 11.700357209576673 26.562288813283068 0.7652186294508148
2.8029609258888155 7.856589952059486 22.02171464635342 61.726005674802074 0.3321968352776339
2.8476495862707867 8.109108166188182 23.091898514470834 65.75763525093987 0.2897284124647619
2.068993934725147 4.280735901929446 8.856816617252205 18.324699862067707 0.8784452487468217
1.1119582263903736 1.2364510972372253 1.3748819691023364 1.5288113158591383 0.8965677156952119
6.240521437802567 38.94410781567342 243.03153969980445 1516.6435335587953 -0.042650927718172096
3.494402835662275 12.210851177884548 42.669632981849794 149.10488648844446 -0.3455362583857549
3.408026335675171 11.614643504655534 39.58301094334463 134.899943740237 -0.26329263433486
1.197170668000531 1.4332176083208374 1.7158060815435803 2.0541127128009014 0.931010126405406
4.449493258939992 19.797990261352428 88.09102420844724 391.9604183886056 -0.9656414938226664
4.9401330658651155 24.404914708453866 120.56352612085085 595.5998619269078 -0.9741782148083595
0.4862756770691941 0.23646403410910316 0.11498670828891715 0.0559152394271511 0.46733653934634894
0.7455192451151393 0.5557989448370472 0.4143588097907064 0.308912467081975 0.678353409845224
1.5691836902488623 2.4623374537430376 3.863859772302487 6.063105736105745 0.999998699701967
2.051637752082956 4.209217465772004 8.63578945950479 17.717511674160093 0.8866060561546947
4.11584679947804 16.94019487677362 69.723246866103 286.97020246306727 -0.8272831084813503
4.3211749173850516 18.672552666637706 80.68736622662621 348.66422308835894 -0.924446805648717
1.7976819549420762 3.231660411124365 5.809497605578962 10.4436290128285 0.9743716786967099
5.843820495520464 34.15023798386504 199.56786065701195 1166.2387543546183 -0.42536469147111133
5.921147374585952 35.059986231566114 207.59534542805733 1229.2026345576055 -0.3541807950691184
0.8068136030494478 0.650948190065632 0.5251938546253693 0.4237335461497221 0.7220864854975471
0.7752552942734054 0.6010207712989445 0.4659445349177923 0.36122596753277814 0.6998984401413617
2.344947201603475 5.498777378307969 12.894342625503766 30.236552656191463 0.7150149229773307
0.7258341255943981 0.5268351778773844 0.3823949506670005 0.27755530464909534 0.6637595544228341
5.810043695778471 33.75660774685515 196.12736603048248 1139.5085665750414 -0.45568500694161373
0.07424506193223614 0.00551232922132158 0.0004092632244278957 3.0385773444235773e-05 0.07417687019231119
4.909287004258275 24.101098890179184 118.31921156990019 580.8629677141963 -0.9806781291521862
4.685960074367232 21.958221818563754 102.89535074588919 482.1635054332493 -0.9996507767913949
3.1289814748941587 9.790525070230824 30.634371574239083 95.8543811508183 0.012610844414140449
0.9231589879321357 0.852222516999885 0.7867368762865912 0.7262832184816194 0.797511425684817
3.1594819836537553 9.98232640503267 31.53898043165188 99.64684045661245 -0.01788837589775525
4.036011350384748 16.289387620434518 65.74415332689051 265.3441490487653 -0.7798453332764903
2.7317242997298092 7.462317649734317 20.384994456081873 55.6861847055363 0.39848858911442897
2.1120710220113756 4.460844002020177 9.42161935038007 19.899129210359387 0.8570526180291445
1.3128480215232379 1.72356992761748 2.262785369429559 2.9706932953873255 0.9669153945925019
3.3679430781403483 11.343040577593484 38.20271499837107 128.6645695449323 -0.22442254419203048
0.9358345593326404 0.8757863224413172 0.8195911071314237 0.7670016825752868 0.8050943745667661
1.2252414020683071 1.501216493342311 1.8393526011108008 2.253650959882985 0.9408876340194229
2.744562397060722 7.532622751359695 20.673753154625896 56.740405514301706 0.38668131424382607
2.1075014331944715 4.441562290916751 9.360598893729573 19.72747558409366 0.8593980459099377
2.0885049124549306 4.361852769348378 9.109750936189231 19.025759581472112 0.8689554586785238
2.303726789291571 5.30715711969965 12.226240031631576 28.165916693178687 0.7432169690549064
5.072544205577981 25.73070471754275 130.5201371204095 662.0691652613767 -0.9358421305670511
2.871714383039595 8.246743497756482 23.682291915745548 68.00877831778881 0.2666141154119502
3.518606050760195 12.380588540446254 43.56241375038652 153.2789726078291 -0.36814526684155824
2.613033565553042 6.8279444147068435 17.8416479393594 46.62082493032638 0.5042895878042034
4.253388186950377 18.091311068889016 76.94936878685714 327.2955361913062 -0.8964956459994795
1.6645699093436768 2.7707929830924165 4.61217862467624 7.677293755154172 0.9956064785543539
3.304628230524748 10.920567741981126 36.08841645350873 119.25879980719874 -0.16231427234641269
4.414832436806046 19.49074544507481 86.04837520844598 379.8891580047045 -0.956055727246736
4.469888931524289 19.97990706016335 89.30796542110815 399.19668613276525 -0.9707406717425281
1.0793697631882349 1.1650390856850261 1.2575079620208842 1.3573160711738017 0.8816605832629544
3.2075240176641078 10.2882103238921 32.999681712663744 105.84727166863999 -0.06588360778883376
2.216838199218691 4.914371601515168 10.89436669139436 24.151048237778763 0.798472961271337
4.374148923505468 19.13317880500404 83.69137347314604 366.07853118425584 -0.943340123495367
5.183958274495704 26.87342339171248 139.3107055554943 722.1808847902394 -0.8908564788811774
0.9261874969500888 0.8578232795066708 0.7945051960717999 0.7358607788635799 0.7993348766866875
4.361939309031132 19.026514535670987 82.9925016669955 362.0082553760994 -0.9392184265587531
1.2262308158913537 1.5036420138415751 1.843812173441473 2.2609393057895475 0.9412223065421367
2.175074573563153 4.730949400560932 10.290167749973923 22.38188223066784 0.8229123892313075
4.130686444345695 17.06257050150128 70.48012867624406 291.13131211870166 -0.8355284075661792
5.07155449247601 25.7206649701536 130.44375397885284 661.5526065068865 -0.9361904663667746
4.669963578149634 21.808559821244135 101.8451800571076 475.6132814767839 -0.9991001776017118
6.2622588165984965 39.2158854860656 245.58002463583134 1537.8856744562108 -0.020924963266687212
0.8420132821661512 0.7089863673442146 0.5969759381785588 0.5026616690799457 0.7459854009345346
1.7865095884950593 3.1916165097847857 5.701853497529655 10.186415945530818 0.9768239731557546
2.6337731304329877 6.9367609025907795 18.269854477481676 48.11865181971205 0.4862730886880833
2.678682155038076 7.175338087719431 19.22045009193907 51.48547667307714 0.4465541824385435
0.10186809027954004 0.010377107817200519 0.001057096155963103 0.00010768436664980413 0.10169199897763678
4.703590561655179 22.123764171691686 104.06112834625404 489.46094112462873 -0.999961294163623
5.665634737915926 32.09941698347967 181.86357192845088 1030.372570679303 -0.5790398806027224
1.1581937509626428 1.3414127647689162 1.5536158816168804 1.799388205484988 0.916080306972436
0.6829572113627282 0.46643055255235427 0.31855210946553236 0.21755746035429452 0.631089718119593
2.655190947130305 7.0500389657227265 18.719199638702882 49.70304941820877 0.46744795563472497
2.0322574139172165 4.130070196421492 8.393365776676113 17.057479827369068 0.8954028944589211
4.7806898229061625 22.854995182838554 109.26264287316565 522.3508048075736 -0.997668404075792
4.445184736742904 19.759667343772083 87.83537167965287 390.4444535365329 -0.9645128449680755
2.0225564508128246 4.09073459672457 8.273741647168476 16.734109540839327 0.8996801146557618
2.254863463243598 5.084409237870913 11.46464862265335 25.851217298147077 0.775008907635646
2.8591303369820693 8.174626283851202 23.37232200164997 66.82451488063091 0.27872123116738856
1.806451080733188 3.2632655070821026 5.894929501987799 10.648901769711813 0.9723616780220041
4.9538435979634174 24.540566393083136 121.57012771677108 602.2393988933214 -0.970991180922251
4.021583258475552 16.173131904850838 65.04159650566494 261.5701956117041 -0.7707328927571647
4.715679518066075 22.23763331710789 104.86555196374943 494.51233554614686 -0.9999945861857686
0.7989757273746048 0.6383622129337787 0.5100359134072282 0.4075063149017111 0.7166420971125423
5.437693091181378 29.568506153881692 160.78446162951656 874.2965561721396 -0.7482977207096161
1.4894028053880946 2.218320716697926 3.30397309870042 4.920946802131201 0.9966893756564853
3.8549088581699116 14.860322304796851 57.2851880880213 220.8291790024428 -0.6543450653645693
4.5326301750524705 20.54473630379619 93.12169170908257 422.0861897925211 -0.9838868451486998
0.41262808025818903 0.17026193261755848 0.07025485439703229 0.028989125698666022 0.4010182157808755
1.3366138828864627 1.7865366719248266 2.387909717980501 3.191713280132235 0.9727043784993367
4.4340333282018545 19.660651555604815 87.17598425171539 386.54121959090605 -0.96150856362459
5.15068773694705 26.529584163536718 136.64560381743323 703.8188358901783 -0.9054749803111588
4.644198322874972 21.568578062194707 100.16875406324257 465.2035596249867 -0.9976759178988022
0.12002004635300788 0.01440481152657816 0.001728866147126253 0.00020749859511623903 0.11973210945724808
6.255843557529237 39.13557861628006 244.82605735683455 1531.5935136310368 -0.02733834312658035
4.717804110154673 22.257675621792327 105.0073535309813 495.4041240849284 -0.9999853382206152
4.322441424447382 18.68349986777871 80.75833378214388 349.0731673092871 -0.9249289972104557
1.5963765237819287 2.5484180056820747 4.068234677054026 6.4944343316846025 0.9996728446010512
2.7826348495706985 7.743056706045344 21.546099432443874 59.95492715303377 0.35129865422821566
5.233165962491936 27.386025990984155 143.3156190639378 749.9944195788597 -0.8674328507882192
1.1921820717903522 1.4212980922983365 1.694446104307906 2.0200882671708906 0.9291777449440173
0.6077130930284823 0.3693152034382448 0.22443768458389893 0.13639371949063214 0.5709915049365942
4.748281337078218 22.54617565604531 107.0555850900872 508.33003671325025 -0.9993559385132352
6.041066786149692 36.49448791472096 220.46563881916214 1331.8476481577145 -0.23975989139460904
4.083463307601567 16.674672584528334 68.09041366519125 278.0447058012208 -0.8086599761344034
3.7293632253661513 13.908150066713423 51.86854339167483 193.4366382782206 -0.5545071191912504
2.4473789877711347 5.989663909783664 14.65897759661564 35.87607375216493 0.639781294732546
3.232841724449985 10.451265615344752 33.78728755459596 109.22895296248753 -0.09112249429820465
2.819329527064838 7.948618982179644 22.40977619584713 63.180543723866556 0.31671399307143255
3.5069707889141566 12.298844114297182 43.13168704624902 151.26156654778242 -0.3573024941404838
5.321602342931356 28.319451496292494 150.70485943320102 801.9913330508632 -0.8200984032004532
2.8088090428178645 7.889408239015408 22.159841204228243 62.24276236184421 0.32667518323108813
0.7279922758196339 0.5299727536530499 0.38581607105428195 0.28087111961459627 0.6653721872818872
3.7108597352687203 13.770479974838636 51.10031967395292 189.6261187374319 -0.5390148592031174
0.27097953372024136 0.07342990769523942 0.01989800214837634 0.005391951344131381 0.2676753546668716
0.4492425413916977 0.20181886099607124 0.09066561801465282 0.04073085265375152 0.43428335798812534
4.523970980595442 20.466313433269683 92.5890080518827 418.869985548835 -0.9823017809614455
1.7374268397870327 3.0186520236123555 5.244687045801546 9.112260039658969 0.986149228673223
6.2136744711701155 38.609750433671216 239.90842060795214 1490.7128285503748 -0.06945487296094145
1.8056582768315306 3.2604018126902123 5.887171518880607 10.630219980193623 0.9725464760311727
6.080540782544893 36.97297620819166 224.81568968597142 1367.0009696915065 -0.20126044328520296
3.2130339356860778 10.323587071870367 33.170035599929555 106.57645003048897 -0.07138052659063734
3.0412657222012816 9.249297193036483 28.129570507634387 85.54949856511257 0.10015870939905851
0.1869377793586028 0.03494573335152567 0.006532677790792073 0.0012212042794759333 0.18585090055482298
4.459380465246108 19.886074133818592 88.67957052278655 395.4559444557289 -0.968163719387719
1.5937008856273902 2.5398825128495277 4.047813010117814 6.451003179078832 0.9997377020598481
4.728295762033682 22.356780813265676 105.70947197208002 499.8256483324042 -0.9998734898163467
2.049776889351383 4.201585296119031 8.612312438623377 17.65331900056365 0.8874652167740325
2.2262089316391607 4.956006207309973 11.033105283972583 24.561997526894984 0.7927965185487329
2.652183139904286 7.034075407592557 18.655656200832347 49.4782168396984 0.47010480067607474
5.633142894234153 31.732298866860727 178.75257387957097 1006.9387913757706 -0.6052201694504157
2.6618317038692463 7.085348019723455 18.860003991847073 50.20215656059908 0.46156712596514476
3.9504325466079355 15.60591730529926 61.650123642526204 243.5446549398389 -0.7234867952132737
5.405169101310042 29.215853013756806 157.91662597837416 853.5660673214427 -0.7694733864304629
3.9921786962947814 15.937490743149901 63.62531101719832 254.00361118798878 -0.7516670544140732
2.822162758442375 7.964602635139076 22.477404942681503 63.434895135664306 0.3140253458072026
4.740493048491407 22.472274342795355 106.52966030581318 505.0031141378584 -0.9996051066707873
0.3501677389860655 0.1226174454266133 0.04293667362528446 0.015035037922948491 0.34305537205715375
2.832442821068333 8.022732334621535 22.72393060655155 64.3642341129819 0.30424888326528093
2.510364143850311 6.301928134729304 15.820134426545916 39.714298215292764 0.5901369827770692
1.3328894601722905 1.77659431303838 2.3680038348508874 3.156287353120313 0.9718333899742383
0.17547822651779027 0.030792607981828913 0.00540343223850889 0.0009481847063225935 0.1745790400100045
5.829440498988731 33.98237653124999 198.09824200315288 1154.80191471165 -0.43833447802905523
4.412810867052536 19.472899748376953 85.93022362266241 379.1938246103392 -0.9554610801377906
4.582530316795848 20.999584104353058 96.23123079830208 440.9825325557976 -0.9915802058354977
1.2026140045203888 1.4462804438685657 1.7393171162603012 2.0917271223166556 0.932983105377842
5.36766769727504 28.811856508369935 154.65247147850093 830.1230754588989 -0.7928781143306162
5.448656491579995 29.687857563236822 161.75893783303258 881.3688866950378 -0.7409801809958589
0.49852528178010713 0.2485274565739352 0.12389722031861439 0.06176589667110925 0.47813083075406454
1.321673921267076 1.7468219541574892 2.3087290219067453 3.0513869395265893 0.9691291689151991
1.1157847357030168 1.2449755764278512 1.3891247445012609 1.5499641859018602 0.898255934270162
4.006199484225704 16.049634307410294 64.29803668435828 257.5907614016015 -0.7608401793902592
0.8462146674414492 0.7160792633930425 0.6059567757338614 0.5127695114615224 0.7487767729708811
3.5584546751494446 12.66259967509294 45.05928701338031 160.34143053166383 -0.40489319676473445
1.7622818505174234 3.105637320663114 5.473008284494165 9.644983167495566 0.9817225973179473
5.445447262273512 29.652895886202085 161.47328072200062 879.2942344379405 -0.7431314453589581
4.115749392321061 16.939393060391183 69.71829669459261 286.943037254429 -0.8272283826534609
5.8059886449371545 33.70950414513918 195.71699829314 1136.3306697111552 -0.45929081794910986
3.438627929793594 11.824162039556578 40.65889383562443 139.81080793769075 -0.2926866032384274
0.4544177573130673 0.20649549816143775 0.09383522116976516 0.04264039076094034 0.4389392334304915
3.135746786253836 9.83290790750126 30.833509370477007 96.68607791740081 0.005845834039741775
0.4810490030431051 0.23140814332876536 0.11131865664435855 0.05354972879886641 0.46270938167146547
4.545307243091973 20.659817934104357 93.90522009684598 426.82807707034 -0.986074288005082
3.4579030997078575 11.957093846969208 41.346471876932576 142.97209326522892 -0.31106217227573296
1.4113724496755014 1.9919721917030255 2.8114146718893767 3.9679532125181556 0.987318906395639
4.4389370776028745 19.704162378917548 87.46553696688477 388.2540150547497 -0.9628444252417432
5.5243766581362665 30.518737460960825 168.59700086512086 931.3933362110537 -0.6880574223410537
4.340005117266157 18.835644417896432 81.74679316067625 354.78150063743306 -0.9314626556159143
5.159428365776987 26.619701061584188 137.34244074564123 708.6084846081063 -0.9017309194714713
5.381521430473474 28.960772906645264 155.85302004018706 838.7263673502785 -0.7843601071823226
3.4109055669375503 11.634276786565572 39.68341945858882 135.35639634641853 -0.26606917966185845
2.7181174062037923 7.388162233908031 20.08189236784291 54.58494119454491 0.41093119429602315
6.01254112046443 36.15065072527567 217.35727401726723 1306.869547860874 -0.2673522297101445
0.7453429550016457 0.5555361205705852 0.41406493371623054 0.30862038125861585 0.6782238726526548
3.1424595897223258 9.875052273037808 31.03195271441691 97.51665739522917 -0.00086693602393746
1.3058555081397798 1.7052586081390024 2.2268213462410906 2.907906920632168 0.9651079993339625
2.692875774967875 7.251579939408834 19.52760394907706 52.58541161763663 0.4338097934377258
2.9868963746997066 8.92154995319425 26.64774521189824 79.59405356734031 0.1540800122165102
2.8774883072688695 8.279938958469064 23.82542753789471 68.55738915597377 0.26104477456481645
3.595494094047525 12.927577780330632 46.481029559518795 167.12226726649826 -0.4384752556015828
5.92364354306771 35.08955282532777 207.85800302288618 1231.2767174814683 -0.3518453347926147
0.5672918500051066 0.3218200430822164 0.18256588760883366 0.10356814012943961 0.5373500785491978
1.5773395250759672 2.487999977366878 3.9244207026888884 6.190143887377585 0.9999785933545018
4.0358887089219415 16.288397670803615 65.73816024602677 265.31189868224067 -0.7797685572596246
1.2018241163834833 1.4443812067209405 1.7358921674883037 2.0862370703286404 0.9326985176840226
5.568378294184612 31.006836827146326 172.65779715960565 961.4239300252776 -0.6554716813060062
2.801695064215472 7.849495232849338 21.99189205045687 61.61457541052449 0.3333905422970291
2.864234810712706 8.20384105089845 23.497727119537252 67.3030079884066 0.2738154274286545
2.272361146632567 5.163625180725275 11.733621236453683 26.66302500702013 0.7638331666596562
6.189639046396405 38.31163152467499 237.13517041627975 1467.7811100824706 -0.09340988475996323
2.3511415355819363 5.527866520338585 12.996796579120836 30.55730826668022 0.710670717422382
1.619532161275472 2.6228844214056015 4.24784567577478 6.879522688052198 0.9988126442621086
5.456283316890628 29.771027634179 162.43916140706074 886.3140863950496 -0.7358370615900264
3.609024183268685 13.025055555418199 47.00774048792241 169.65207222173046 -0.4505948273558286
2.413263013329462 5.823838371503996 14.05445373755948 33.91709337740232 0.6656239959449786
4.350627983745586 18.92796385295018 82.34852921396998 358.26781561858866 -0.9352750190989925
1.9742008572952456 3.897469024945283 7.694386690328642 15.190264800407933 0.9197298720156689
1.238228658815504 1.5332102115120418 1.8984648238827908 2.3507335526848 0.9452071909462006
4.9319470830913374 24.32410203041315 119.96518405771222 591.6619395859492 -0.9759937891239197
1.4630928617946635 2.1406407222344983 3.1319561603682673 4.582342701688634 0.9942055863478166
5.560691221178713 30.921286857294007 171.9437283749035 956.125980911063 -0.6612576873333676
5.062114887266082 25.6250071318809 129.71673008859383 656.640990508947 -0.939466663489467
2.8114251617345105 7.904111440033919 22.221817783664957 62.474977656475076 0.32420147823614703
3.068129000380828 9.41341556297786 28.881573281408592 88.61239256131378 0.07339759160409029
2.3143322021420034 5.356133541871455 12.395872334926013 28.688166518360458 0.7360797493788577
2.4053613386879245 5.785763169654564 13.916851043091592 33.47505545533123 0.6715000743176895
4.996936493775476 24.96937432282515 124.77037778046531 623.46965407336 -0.9597887743923075
5.155752868670646 26.581787642805597 137.0491278937889 706.5914342872123 -0.9033137341806674
2.768048851121993 7.662094442197787 21.20905171791379 58.70769124115821 0.3649171383197676
3.389151039441033 11.486344768144235 38.928957310334106 131.93611613267444 -0.24503751388081835
3.4452941063404228 11.870051479184053 40.89581840319023 140.8981221184795 -0.29905430703989366
3.294940555553245 10.856633264629528 35.77196124039626 117.8664858426604 -0.15274759743897262
1.1682258537202033 1.3647516453002977 1.5943381559469922 1.8625470533498696 0.9200569628653651
0.09156434570098543 0.008384029403649568 0.0007676781666829958 7.029194904126054e-05 0.09143645296446885
5.098714951128404 25.99689415286032 132.5507529000915 675.8385055950232 -0.9262996376436003
0.3049140349915019 0.09297256873479884 0.028348641076452265 0.008643898537146893 0.30021117663839847
2.229040466860779 4.968621402902919 11.07525817158118 24.687198645384967 0.7910675604693694
5.193946237302203 26.977077515985716 140.11749025756387 727.762711303502 -0.8862747387515488
5.769083363929981 33.28232285997366 192.00849512442053 1107.7130149555253 -0.491753078270963
4.031783443842493 16.255277738042434 65.53775965930095 264.234054340898 -0.7771918190626343
0.5904110928647176 0.34858525857771017 0.20580860347339602 0.12151168249768907 0.5567025696755773
1.9763593695923427 3.905996357775442 7.719652499283059 15.25680754695502 0.9188804020667845
6.2319805670119 38.837581787613956 242.03505497014547 1508.3577591096034 -0.051182367265951
1.8813571264882731 3.539504637388212 6.6590722737886034 12.528093078092658 0.952162343352215
4.6555927326792546 21.674543692575888 100.90784809929528 469.78584428138123 -0.9983875266547715
4.075268973100967 16.607817203119414 67.68132215880503 275.81959225222914 -0.8038123475956058
0.5063175591651458 0.2563574707189509 0.12979828884816952 0.06571915279341775 0.48496011420457846
5.370628004352375 28.843645161133978 154.90848844998902 831.9558661814075 -0.7910706901235853
1.0308918721423233 1.062738052049104 1.0955680200737867 1.1294121672731243 0.8577578007507223
0.7219782566253518 0.5212526030397823 0.37633304560408853 0.2717042761757488 0.6608706454157582
3.8069821811364624 14.493113327490537 55.17502418694786 210.05033392348383 -0.6173656116713608
2.726067579733826 7.431444449275839 20.25861978376376 55.22636660267268 0.40367037843836256
4.143166180448776 17.165825998814498 71.12086973775655 294.66558222157573 -0.8423201229120107
4.3733611812384785 19.12628802156362 83.64616557469284 365.8148934838081 -0.9430784363791798
5.9420704097511905 35.30820075444068 209.80381492451664 1246.6690405158856 -0.33453795941368797
3.8114707326242625 14.527309145651332 55.37041363243483 211.04271101332483 -0.6208904181270963
1.9683156825555301 3.8742666261940424 7.625779758739237 15.009941890840969 0.9220241674626011
5.875300148743253 34.519151837822484 202.81037792724936 1191.5718436026434 -0.3966688727945211
1.4818584627230371 2.1959045035438827 3.254019671908132 4.821996588684306 0.9960476344469325
1.5163320025109444 2.2992627418388505 3.4864456776313086 5.286609156008309 0.9985171852916951
1.3888136174538015 1.928803264025114 2.6787482384674184 3.7202820313139338 0.9834867956019171
0.28688839720801956 0.08230495245258641 0.023612335891404775 0.0067741051982225095 0.28296917129396415
3.8628921538003183 14.92193579189206 57.64182869001198 222.66416777734935 -0.6603610866481646
0.23547588747792692 0.055448893583517296 0.013056877426247863 0.0030745797996362258 0.23330576652624682
0.04821406079155612 0.0023245956580118694 0.00011207819637117168 5.403744973247636e-06 0.04819538326317817
2.0792759640652148 4.323388534739328 8.989517863598612 18.691688422315476 0.8734857051759501
0.9108122259017213 0.8295789108520482 0.7555906143542795 0.6882011693304704 0.7900019794078424
2.772943423740315 7.68921523126466 21.321758809259205 59.12403087271244 0.3603557425008771
5.241180830056845 27.469976493355365 143.9751141990863 754.5996085454963 -0.8634172009498295
0.7600014968189186 0.5776022751669967 0.4389785936929304 0.333624388278091 0.6889225300580334
0.6521752056447299 0.4253324988577457 0.27739130990993716 0.18090773458457426 0.6069166186176642
3.21418984882481 10.331016384288455 33.20584799042275 106.72989953243652 -0.07253344323244919
4.616798462080216 21.31482803946625 98.40626531211204 454.32189435201656 -0.9954347042943722
3.4423242382684616 11.849596161370544 40.790152079978746 140.41292918756753 -0.29621903705382313
5.090409470262367 25.912268574936792 131.90405734984017 671.4456626996567 -0.929397056453604
3.622257445063256 13.120748998316186 47.52673074395706 172.1540542768152 -0.4623687401185983
1.0797438997884543 1.1658468891303797 1.2588160666258739 1.3591989688949837 0.881837070669871
1.1685977694461114 1.3656207467544268 1.5958613585665562 1.8649200239661186 0.9202026100900057
0.6054709156413189 0.36659502968753716 0.2219626282944696 0.13439191579160625 0.5691493422826008
4.648320357737031 21.606882148152522 100.4357101564822 466.8573561641521 -0.997948307753625
5.562739881936993 30.944074994092393 172.13384007928698 957.5357772400141 -0.6597194797975247
1.3503499614149068 1.8234450182932402 2.462288910094481 3.3249517347384354 0.9757999419653048
3.0226717322201364 9.13654440076268 27.61677449035952 83.4764435871079 0.11864081921677821
2.732343551534365 7.465701283611427 20.398860759957515 55.73669565611731 0.3979205515308871
4.3845439347993365 19.224225516185648 84.28946138820642 369.5708466971633 -0.9467384443141371
5.585912271816603 31.202415908431327 174.29395793323215 973.5907585227283 -0.6421295969169103
2.473216753839828 6.116801111474017 15.128174988803622 37.415255837329774 0.6197121636449616
1.2448500143270884 1.5496515581701522 1.9290837643901089 2.4014199517391805 0.9473481362607434
1.1776999939222528 1.3869772756844743 1.633443129143908 1.9237059632651259 0.9237274381745201
5.087407276929674 25.881712801356997 131.67081404502747 669.8630575319266 -0.9305009202347599
3.75320275780428 14.086530941189654 52.86960677636833 198.43035395709347 -0.5741864356973628
3.8083489212516133 14.503521505998327 55.234470481718304 210.35213607495598 -0.6184402168680457
1.2201221525791204 1.4886980672143062 1.8163934903098953 2.216221935327611 0.9391413265269101
3.6809708437760245 13.549546352729177 49.875485070787875 183.59020636475654 -0.5136025606173745
4.775297260174226 22.803463923027472 108.8933187941149 519.9979668888155 -0.9980219266402047
5.38517909236736 29.000153856870543 156.1710222254559 841.0089237221634 -0.782085996769312
4.6024553929742025 21.18259564431732 97.4919515603801 448.7023582306511 -0.9939633864259351
2.2744864571974657 5.173288643974679 11.76657495989385 26.762915393877375 0.7624597379601422
0.3303253880146653 0.1091148619670392 0.03604340911742887 0.011906053102086018 0.3243508420749763
2.7126072089286435 7.358237869931645 19.960009090988326 54.14366455049619 0.415948391986015
3.767106149760912 14.191088743566484 53.459337677692155 201.38699972777937 -0.5855136222402156
5.417754712653343 29.352066126477506 159.02229458283605 861.5437858931082 -0.7613744939480902
3.098458036962744 9.60044220681902 29.746567314114735 92.16849056647206 0.04312124186160102
0.41535223547445865 0.17251747951363014 0.0716555207744054 0.029762280737735795 0.40351224179844286
0.8151942301459174 0.664541632863195 0.5417305048018232 0.4416155818084814 0.7278588011900029
0.2835623154949658 0.08040758676886652 0.022800561487542163 0.006465380009992798 0.2797774705151995
1.8061002755026336 3.261998205170689 5.891495857047878 10.640632290536796 0.9724435240864012
0.8378448642685865 0.7019840165812461 0.5881537030912313 0.4927815595355392 0.7432029188112435
1.6650164018833662 2.7722796185406313 4.615891035477113 7.685534283375788 0.9955645714465882
2.2216355585914758 4.935664555198058 10.965247881107587 24.36078460143845 0.7955756265892466
4.730008354181361 22.37297903062547 105.82437772278288 500.550190704807 -0.9998447828490667
1.5964089085128812 2.5485214031792887 4.068482271571165 6.494961342462931 0.9996720157593817
0.7368914406446451 0.5430089952953404 0.4001386808261847 0.2948587689716551 0.6719890841112954
0.9520013324944143 0.9063065370711404 0.862805030940124 0.8213915391378824 0.8145780162817094
5.4246673379913295 29.427015727869936 159.6317710735332 865.9492546483046 -0.7568747985503285
0.719674938488363 0.517932017088229 0.37274269253912495 0.2682535743250815 0.6591402540320691
4.289087189915837 18.396268922700134 78.90320137859996 338.4227102763027 -0.9117376260198274
3.015723452039294 9.094587939179796 27.426762134818222 82.7115297834746 0.1255371059308064
1.9874517170194133 3.9499643274834138 7.850363384822343 15.602218188391499 0.914447630276054
2.996180766365637 8.977099184739377 26.89701191507276 80.58830977264837 0.14489998228320983
0.14885842877500122 0.02215883181736211 0.0032985288878220284 0.0004910138275101394 0.14830928273533317
4.844924576310936 23.4732941501417 113.72633971499724 550.9955382590765 -0.9912300067667651
0.9436080151236554 0.8903960862056047 0.8401848835783419 0.7928051903302586 0.8096808036039189
3.7526671464369943 14.082510711947574 52.846975288072706 198.31710795211816 -0.5737478351657112
3.4331646074210744 11.7866192216487 40.46540395291325 138.9243926761386 -0.28745818631643333
5.913138418911817 34.96520596121095 206.75410269440096 1222.5656279099017 -0.36165914678166783
4.910554733646417 24.113547792137233 118.41089625568858 581.4631871236863 -0.9804293375114331
2.9980692431070985 8.988419186464771 26.947903107093758 80.791679471608 0.14303117867395165
4.518588939312618 20.41764600247833 92.25894939359908 416.8802682825194 -0.9812794750714544
4.697977181464233 22.07098959755862 103.68900550166484 487.1285818155407 -0.9998961518233952
5.975665274541627 35.70857547336266 213.38249445952206 1275.1023623368371 -0.3026959446020984
3.683539756986532 13.568465141300397 49.979980789265895 184.103246290684 -0.5158050634858888
1.9254390987797974 3.707315723109958 7.13821064479701 13.744189870818312 0.9377705980055461
2.038448370598311 4.155271759594909 8.470306947739418 17.26628339608697 0.8926291868168821
5.685685467667215 32.327019237242155 183.80126349018622 1045.0361727650243 -0.562577239317968
3.9310216370938504 15.452931111300016 60.745806555041085 238.79307993058396 -0.7099512493447857
0.8922239876184432 0.796063644081756 0.7102670789206935 0.6337173254287247 0.7784696291822656
1.2720447464219788 1.6180978368997565 2.058292852625103 2.618240609779671 0.9557046777854743
1.4320050942673817 2.0506385900077326 2.9365249073923536 4.205118626828901 0.9903839479380354
4.314476690251159 18.614709110720597 80.31272855400991 346.50739527674443 -0.9218719786913283
5.252939791274804 27.593376450758186 144.9463451338128 761.3944239532564 -0.8574253595636956
0.3701708895497689 0.1370264874700672 0.05072321675867504 0.018776258268384485 0.3617747516843436
3.580923964019694 12.82301643609052 45.918246847014956 164.4297505202476 -0.4253343718818563
1.9860235301431954 3.94428946228244 7.833451681788778 15.557419362272299 0.9150246907734608
2.0646433815267953 4.2627522928824 8.801063308587818 18.171057110474155 0.8805158103458307
5.733689143928389 32.87519119920226 188.49612688343615 1080.778196384106 -0.5222576294229039
0.3925347485751287 0.1540835288389395 0.06048313925236171 0.023741733859460303 0.3825316031891148
4.271870758513392 18.248879777441786 77.95685589687994 333.02161313152374 -0.9045308105959025
5.586774054332441 31.21204433416214 174.3746394687709 974.191711517703 -0.6414687194379739
4.162410108599459 17.325657912170957 72.11649363175658 300.1784220895721 -0.8525355653172506
1.4001852669242745 1.9605187817118017 2.7450895136811924 3.843633893444727 0.9854812023658669
3.2418758275501895 10.509758881254227 34.071333270519 110.45503174210208 -0.10011517191045954
0.6297995996687775 0.3966475357429524 0.24980845922051856 0.15732926761095672 0.5889828171329378
0.41732247929093497 0.17415805172153284 0.07268006993290897 0.03033102697944011 0.40531417979350354
5.250198800187328 27.56458744148846 144.7195639129614 759.8064808194633 -0.858832673765263
5.827395592673924 33.95853939351548 197.88984279541594 1153.1823977409426 -0.4401715464608347
1.572548117380159 2.4729075814758823 3.888766161705021 6.115271906520897 0.9999984656152651
2.782801936744934 7.743986619151356 21.549980961901248 59.96932875759525 0.3511422117102534
3.1034610424777913 9.631470442177338 29.890893299073717 92.76522287853574 0.03812237109774132
2.458747655188715 6.045440031896004 14.864211503008292 36.54734517925076 0.6310026694471323
6.221194427418791 38.703260103746615 240.78050608036844 1497.9423426582644 -0.06195118358211257
6.076375635669106 36.922340865753135 224.35401244853213 1363.2592550068641 -0.20533860437634394
2.6055229765286922 6.7887499812189365 17.688244057974668 46.087126307500114 0.5107609571900015
1.7237121536097515 2.9711835885019675 5.1214652621066765 8.82793191658343 0.9883311395540315
0.683595087105286 0.4673022431144836 0.319445517586341 0.21837138641982795 0.6315843961904819
3.5166015919007854 12.366486756159137 43.4880070129292 152.92999469025935 -0.3662808462379213
5.112025433511022 26.13280403286355 133.59155886495788 682.9234466200495 -0.9212025049540372
4.508148255130387 20.323400690235157 91.62090335999933 413.0406156158508 -0.9792152656948188
0.1604778387995497 0.025753136745774254 0.0041328077272711206 0.0006632240522465481 0.15978992390770877
0.07791756649037256 0.006071147167781628 0.000473049013118462 3.6858827932862885e-05 0.07783874891764504
2.80912322443747 7.891173290073969 22.167278157207424 62.27061589397682 0.32637822254322874
4.064292192240544 16.518471023907452 67.13589281021872 272.85988496767004 -0.7972341540030619
1.2104616100811394 1.4652173094802243 1.7735893035521875 2.1468617640004677 0.9357788591797033
0.9000303168479968 0.8100545712455056 0.7290736724222606 0.6561884083957399 0.7833457545224196
0.4705050829945178 0.2213750331236781 0.1041580783327703 0.04900690529050958 0.4533365435730963
1.8017866298393308 3.2464350594677738 5.8493832847906875 10.539340595341526 0.9734401507693209
2.0673842010272083 4.274077434656909 8.836160162376594 18.26773791744338 0.8792133102826551
5.52820995674234 30.561105325825142 168.9482067512779 933.9811587361779 -0.6852707168741605
3.210804201672055 10.309263621474923 33.10102695197655 106.28091641706625 -0.06915630467962323
5.214976673764968 27.195981707912733 141.82641022690368 739.621421057124 -0.8763390187686576
3.8530856536510516 14.846269054371552 57.20394630364259 220.41170483479036 -0.6529652784435799
4.5297404049886625 20.51854813658685 92.94369654600229 421.01081763343177 -0.983366069213228
4.084630703621808 16.684207984969984 68.14882820102052 278.36279608573614 -0.8093461764011107
3.1799576606268465 10.112130723379366 32.156147559070305 102.2551877667129 -0.03835559632175751
2.965841579134556 8.796216272523358 26.088183960109752 77.3734207130047 0.17484769136450956
0.3891736783092093 0.15145615188871991 0.058942747733091425 0.022938965944938997 0.3794240129942174
0.17915944050335147 0.03209810512147394 0.005750678554781031 0.0010302883523891915 0.1782025311182181
1.0775796666535553 1.1611779379851874 1.251261735339541 1.3483342036635317 0.8808144529826762
2.1760784690084694 4.735317503282244 10.304422462811432 22.42323185689118 0.8223415931059949
1.131616717397937 1.2805563950944825 1.449099024259754 1.6398246810173762 0.905100795448022
3.7992792022467334 14.434522456624576 54.840780963817174 208.35543855079916 -0.6112876042972395
3.983606712184623 15.86912243736238 63.21634265795638 251.82904693199814 -0.7459859180065362
3.587545804329438 12.870484898161756 46.17345409608561 165.64938151380983 -0.4313180086592877
2.189920990668748 4.795753945371589 10.502322231051707 22.99925590454717 0.8143867458619226
6.244438665367691 38.99301424553904 243.48948583407716 1520.4551599528102 -0.038736947469531005
6.111990701649605 37.35643033705123 228.32215486687832 1395.5028875269613 -0.17035961308121478
2.3324768437970906 5.440448226849638 12.689719509003721 29.598476909031366 0.7236772435661583
1.0987996191665534 1.2073606030805628 1.3266473708616227 1.4577196258710603 0.8906622300253418
0.7343753600589084 0.5393071694616512 0.39605389675575087 0.2908522230327383 0.6701236477267454
6.2048628693964725 38.50032322801503 238.889226057273 1482.2748886616334 -0.07824238542473354
6.244492445224769 38.99368589846922 243.49577700445863 1520.507539948477 -0.03868320792132001
0.058084956432055176 0.003373862163713748 0.00019597063678707246 1.1382945899739214e-05 0.05805230016863072
1.680570300662035 2.8243165354672826 4.746462489175008 7.976763892513914 0.9939808853317745
2.978418217507489 8.870975078380487 26.42147378050337 78.6941988412477 0.16245128853299012
3.4821231558284738 12.125181672356849 42.2213758699408 147.02003058765843 -0.3339871786508719
4.8060306433115905 23.09793054445002 111.00936199370956 533.5143954362372 -0.9956188223445983
0.7844642063805329 0.6153840910922393 0.4827467926378791 0.3786975795694215 0.7064460655465472
5.929203603260518 35.155455368917515 208.44385264765006 1235.9060421959512 -0.34663538344304423
3.5735064608971094 12.769948426073384 45.63349320589611 163.0715828045741 -0.418609623233679
5.782767315371176 33.44039782372516 193.37803954804724 1118.2602066090024 -0.4797923190336636
1.827826789301417 3.3409507716879268 6.106679322228435 11.161952058842154 0.9671491264660486
5.564559138721301 30.964318408326747 172.3027809733308 958.7890144922427 -0.6583511956069037
5.2952238709687505 28.039395843677276 148.47487819898188 786.2077192784266 -0.8349057029403147
6.0921927308547925 37.11481226987998 226.11058951760305 1377.509289828433 -0.1898335159384592
1.4376577566011175 2.066859825115358 2.9714370593843236 4.271909536675889 0.9911501447795255
2.6579160452541553 7.064517703619488 18.776894956432276 49.90741038475317 0.465037180086536
0.30811735717235184 0.09493630579087463 0.02925152363999053 0.009012902157218455 0.3032651929214641
4.364166701568516 19.045950999079423 83.11970514988803 362.7482494593345 -0.9399808048765775
3.901300343280017 15.220144368476777 59.378354449509864 231.65279459727535 -0.6887095386421764
1.001059183459713 1.0021194887890272 1.0031809171762085 1.0042434698107812 0.842042791956198
1.1415894375197926 1.3032264438567565 1.487749543003354 1.6983991639675273 0.9092960884636223
4.517917318069568 20.411576892912915 92.21781673359988 416.6324712552965 -0.9811499067821353
3.697615432047544 13.672359883316144 50.55512889705753 186.93342477891264 -0.527812284302004
3.9169518019583314 15.34251141886462 60.095877748688046 235.39265663799122 -0.6999726133625872
6.260656368696538 39.19581816690052 245.39154863287723 1536.312161772729 -0.022527032759433012
1.7149098469642445 2.9409157832149284 5.043405435727844 8.648985643962677 0.9896336066803925
1.2548045578142122 1.5745344783113207 1.975733039820668 2.479158823391103 0.9504886449942203
3.5940867510575476 12.917459574127399 46.42647031269276 166.8607618492156 -0.43720998176503645
2.0425434575732764 4.171983776075395 8.521458166924651 17.40544862783631 0.890775676289004
1.591298528823596 2.5322310078361405 4.029535477411142 6.412193877046836 0.9997898372177989
2.0487467968785746 4.197363437720219 8.599334898364543 17.6178598283105 0.887939489408944
4.934164468954198 24.345979006690065 120.12706457671494 592.7266937941934 -0.9755084471433965
1.13317008356333 1.2840744382829243 1.4550747385305975 1.648847163051608 0.9057601899480946
0.8000943102434729 0.6401509052839787 0.5121810970149197 0.4097931815358974 0.7174217942885792
4.597627758403104 21.13818100483875 97.18548774999586 446.8226961933258 -0.9934221549816568
1.0865607757112248 1.1806143193141785 1.2828092106097935 1.3938501709696811 0.8850310830548705
2.0415396925990303 4.167884316457343 8.508901266208644 17.371259675371096 0.8912313817115621
2.6869007471607054 7.219435625092757 19.397906975140344 52.12025074485845 0.43918554450520525
2.6973815850063723 7.275867415131489 19.62579078052359 52.938246642572174 0.4297456485026723
3.1020887304944744 9.62295449186082 29.851258683262632 92.60125315242433 0.03949364919036176
2.1270623435871556 4.524394213506483 9.623668559093264 20.470142999210942 0.8492326402719231
3.7818923781177345 14.302709959665012 54.09130978288572 204.56751219030076 -0.597435822306724
2.429509834796449 5.90251803737267 14.340225621860338 34.839719181509714 0.6534118863763178
0.8003928792787715 0.640628761200162 0.5127546987257902 0.4104052096768542 0.7176297571585285
0.8215580507129011 0.6749576306911818 0.5545168753844455 0.45556780322825374 0.7322078770990942
0.5869531449725989 0.34451399439322467 0.20221357249617553 0.11868989233277484 0.5538266886061252
2.221134835278062 4.933439956485704 10.957835345103083 24.338829804249663 0.7958788922099083
1.296044290472822 1.6797308028672007 2.1770055165873647 2.8214955701008906 0.9624925018169341
2.9279674786421137 8.572993555985857 25.101446326534997 73.49621851097503 0.21200405547299128
1.2377403990227025 1.5320012953728788 1.8962198946381241 2.3470279690241784 0.945047675583005
1.958622851902894 3.8362034759962262 7.513675792635524 14.716457109245528 0.9257332045500661
0.4442254534272803 0.19733625347267278 0.08766178667653879 0.038941596934630965 0.42975863725277397
0.5123783875492025 0.26253161202752073 0.1345155240513539 0.06892284731376867 0.49025158885442216
5.588582285422398 31.232251960937038 174.5440100427417 975.4535625514554 -0.6400804884705102
2.6920077692950737 7.246905829945039 19.50872679756181 52.517644108091396 0.4345917069111467
0.3405456881437664 0.1159713657133114 0.03949354854181203 0.01344935766541062 0.33400149250659195
2.1394334681730296 4.577175564738877 9.792562592906142 20.950536150442662 0.8426356352584344
0.3198526712666688 0.10230573131642368 0.0327227614474482 0.010466462660188271 0.314426707550892
1.6259263525370204 2.6436365038743395 4.2983582581781254 6.98881396461694 0.9984807249861976
3.854683162373849 14.858582282288458 57.27512694028372 220.77746743953648 -0.6541743784204697
6.187814485735799 38.28904810988178 236.92552653936139 1466.0512051608418 -0.0952263114743908
2.782690578116195 7.743366853536644 21.547393986233665 59.959730228449985 0.3512464770822335
3.581557337736709 12.827552963495663 45.942616441614156 164.54611503128635 -0.4259075127235723
3.686582503264898 13.59089055337888 50.10393931787476 184.71230603392328 -0.5184094106579826
1.06638679821044 1.1371808033975137 1.2126745959214504 1.2931801796158147 0.8754599963061126
2.161961724807533 4.674078499532762 10.105178814735657 21.847009819794444 0.8302917329444915
2.840316264655065 8.067396483264101 22.9139574448361 65.082886018182 0.29673934652780076
5.595553495795907 31.310218924313798 175.19800495607925 980.3298090884579 -0.6347089429456743
2.9755215110171354 8.853728262525696 26.344458897845573 78.38850414664628 0.1653088312561447
1.93648239147124 3.7499640524781723 7.261739356274114 14.062230394878519 0.9338786510428065
5.841472309012926 34.1227987369648 199.32738392800115 1164.3653936434068 -0.42748867731812357
5.774090819052538 33.340124786666806 192.50890843675876 1111.5639207905144 -0.48738676633629896
6.004341467616766 36.05211645974226 216.4692178545794 1299.7551012268186 -0.2752443298327078
3.354130150466822 11.250189066270588 37.73459834563037 126.56675402683429 -0.2109409764497003
6.048471273733644 36.58400474918109 221.27730180355704 1338.3894034881046 -0.23256486942065968
0.22763485834860336 0.05181762873538872 0.01179549857714073 0.0026850666477585827 0.2256740290959164
3.9011764559488937 15.21917774044997 59.37269787994491 231.62337109540786 -0.6886197104139018
0.7374719006630175 0.5438648042675235 0.4010850109068905 0.29578892532095163 0.6724188369607258
4.370090650627315 19.09769229470027 83.45864654562696 364.721850983054 -0.9419857129308999
5.530085218405205 30.58184252282374 169.1201952870633 935.2490920907903 -0.6839037813795937
1.8004684827223676 3.2416867572765846 5.8365548373349645 10.50853303230238 0.9737410837581201
6.2716527728257425 39.33362850289282 246.6868602654654 1547.1343312035826 -0.011532278718951091
1.5344112178113656 2.354417785345358 3.612645061248509 5.54328310795054 0.9993381349459088
5.856975995883071 34.30416781635049 200.91868745910944 1176.775929572337 -0.413422209410325
4.3177888482898785 18.643300538416437 80.49783516009119 347.5726549657186 -0.9231503630124119
2.6586090245841705 7.068201945600395 18.791585480156602 49.959478743789205 0.4644235800071475
0.9314140095325383 0.8675320571534793 0.8080315117513333 0.7526118701889476 0.8024644821633838
2.8659042194953868 8.213406995321462 23.538837764324704 67.46005447079553 0.27220943887446064
3.8900578260336864 15.132549889885931 58.86649412699597 228.9940661698867 -0.6805149413592385
2.4250577000300937 5.8809048484752475 14.26153358593921 34.58504183681968 0.6567756769563269
1.4234090171553704 2.0260932301192174 2.883959373349145 4.105053777134924 0.9891581383116662
1.8486019902180708 3.4173293182382123 6.3172817789257225 11.678139669290445 0.9616595413376215
6.020316037455446 36.244205190843246 218.20156977525951 1313.6424099159483 -0.2598523233595471
3.0048855727987367 9.029337305613993 27.132125401572903 81.52893217855255 0.13628166270768033
1.6912480358605382 2.860319918802128 4.837510444606873 8.181430037896213 0.9927544594795334
5.972502584556882 35.67078712253864 213.0438682825404 1272.4050539414684 -0.3057087449699906
0.20721521485841274 0.04293814526881815 0.008897436997499892 0.0018436843191261309 0.20573548910134754
2.02760318425586 4.111174672804503 8.335830857610453 16.901757190309212 0.8974655165588978
1.3697145753953122 1.8761180180503603 2.5697461944853437 3.5198188176532117 0.9798510936264312
3.148657770118731 9.91404575332906 31.215937194532152 98.28830319910196 -0.007065057752176292
4.379924599303336 19.183739495582486 84.0233325233287 368.0158610343714 -0.9452409060894884
4.62499416316863 21.390571009343894 98.93126606505962 457.55652810578346 -0.9961835030437459
2.372403460554491 5.6282981796509235 13.352594078436391 31.677740399061896 0.6955529228977816
2.616089616428424 6.843924881184618 17.904320817283214 46.83930777929789 0.5016482313396303
4.759735366576953 22.65508075984344 107.83218912528389 513.2526842350284 -0.9988793692220593
3.4535407182166287 11.926943492380227 41.19018499480396 142.25198107043107 -0.3069132637686447
2.113775316039424 4.468046086697567 9.44444552898786 19.96343583285344 0.856173272227557
2.0323969902736945 4.1306375260735715 8.395095275903506 17.062166371807194 0.895340738409302
4.8054863655464795 23.092699209453112 110.9716511946929 533.2727567782764 -0.9956695674932025
5.935649668484888 35.231936986984756 209.1244350968765 1241.2893838548644 -0.3405818148119966
3.975886098525895 15.807670268451464 62.84949647041728 249.88243931608437 -0.7408221027414651
3.615826144847864 13.074198709765367 47.27402951770583 170.93467190243038 -0.4566566622491317
5.582234217737117 31.161338861675123 173.94989206414425 971.0290396521442 -0.6449448290871655
3.9796851933195376 15.837894237926765 63.02983319203797 250.83889389175383 -0.7433686072646423
1.6992683731015845 2.887513003823306 4.906659524316498 8.33773134724869 0.9917588111336723
3.266398242529729 10.669357478801302 34.850370517677995 113.83518901045328 -0.12448183683008142
1.0279209821422 1.0566215455281849 1.0861234568319411 1.1164490904743702 0.856226819629839
5.70417544967136 32.537617560633464 185.60027928016112 1058.696556522043 -0.5471954510783175
4.1854236358087356 17.517771011186415 73.31929283690472 306.87230120036315 -0.8643372148063153
2.9468672756748866 8.684026740443528 25.590674222498684 75.41232042873824 0.1934971103025473
6.194953807416543 38.377452676024724 237.74654657428758 1472.8288739005175 -0.08811706692008056
4.4557157295839485 19.853402662861818 88.46111853067725 394.15759729372877 -0.9672398714373782
2.6344423133153465 6.940286302186315 18.283783901002526 48.16757395631498 0.48568824323967097
3.2164675341094093 10.345663397979864 33.276490438426265 107.03275114430026 -0.07480493893979309
2.4952687744851363 6.226366256920554 15.536457299401755 38.76763676531887 0.6022558228420939
0.5027397003371078 0.25274720629504493 0.12706605475381205 0.06388115028995 0.48182804956423814
5.281118676788452 27.890214478323813 147.2915325811116 777.8640636469032 -0.8425857922344613
4.613386284785205 21.283333012644242 98.18823661504914 452.9802641271122 -0.9951032347437375
5.922616614121207 35.07738755786455 207.74991833017708 1230.4231178846305 -0.352806414308567
5.184760613274956 26.881742616967298 139.3754003366469 722.6280861248758 -0.8904917018169622
0.2831233272361201 0.08015881842525115 0.022694831379873114 0.006425436171332383 0.2793559863621901
1.2063448784289172 1.4552679657116792 1.7555550571779532 2.117804852026609 0.9343194257305301
1.0717764012357225 1.1487046542457964 1.2311545404102846 1.3195223826859548 0.8780520130526792
3.020920086687126 9.125958170149755 27.568790346471882 83.28311252332304 0.1203799103920535
4.594473078945053 21.109182873150836 96.9855724292195 445.5976015721246 -0.9930559715972265
1.5897427186785582 2.5272819115914933 4.0177280170006044 6.387153860657554 0.9998205224862486
4.46302161866655 19.918561968684994 88.8969726789905 396.74911090034425 -0.9690687450214305
3.466990536775745 12.02002338209257 41.673307317538125 144.4809621060521 -0.31968581486219694
1.6059184538234184 2.5789740803305987 4.141622067535187 6.651107307017057 0.9993832814972086
5.459935997077605 29.810901092183823 162.76561197853454 888.6898239279666 -0.7333587143654404
1.3282885766719665 1.7643505429172388 2.3435666714019505 3.1129328382923553 0.9707388224074641
1.597540339051174 2.5521351348957397 4.0771388287057535 6.513393746769296 0.9996424002191846
3.9350277434224483 15.484443341504365 60.931714140272675 239.76798559625888 -0.7127668485261572
2.0269481007819836 4.108518603263691 8.327753979912785 16.879925113363825 0.8977542712201438
1.9489348535147981 3.798347063244748 7.402730977303266 14.42744041286 0.9293534847711643
3.0100912318578894 9.060649224107745 27.273380784426713 82.09536436232429 0.13112274852113348
2.7292879280372473 7.44901259412985 20.33050014895602 55.487788627505125 0.4007219792502379
5.5809127280307465 31.14658687789559 173.82638314156293 970.1098741422977 -0.6459541865807412
5.192713992210025 26.964278604893774 140.0177868014813 727.072320682332 -0.8868447922413542
4.605604707618314 21.211594722835972 97.69222051158513 449.93175068584287 -0.9943039752232475
3.4674285307824313 12.02306061608401 41.689103407536294 144.55398657803042 -0.32010079384452683
3.2525364249471536 10.57899319560801 34.40856070798314 111.91509703272058 -0.11071631910364041
3.4631916696321228 11.99369654060933 41.53646994753384 143.84875670822422 -0.3160840004807306
3.325207221185183 11.057003063822085 36.76682643248789 122.25731675337099 -0.18258456569482362
5.14519950721663 26.473077969062256 136.20926772092656 700.8238571560494 -0.9077905346560411
0.33350634494098785 0.11122648211589717 0.03709473751111702 0.012371330323877994 0.32735818041882075
5.7292800760321665 32.82465018961915 188.06161433411046 1077.4576600708644 -0.5260125400836541
1.8705378649212174 3.498911904104027 6.544847202650178 12.242384512680866 0.9554128379216275
3.434940431726643 11.798815769510416 40.52822933318523 139.21205356284767 -0.2891586045885122
0.9340572568673012 0.8724629591064675 0.8149303583013154 0.7611916150128136 0.8040389024017912
0.8945117134666098 0.8001512055289703 0.7157446258900928 0.6402419517094645 0.7799035557578803
5.8466443165611945 34.183249764377315 199.8573029564884 1168.4945644538018 -0.4228073786893993
1.9126690677093905 3.658302962572309 6.997122916821679 13.383180565965333 0.942128477776944
6.072440072619189 36.87452843555134 223.91836413097775 1359.7308473442845 -0.20918870433076486
2.1419432079541667 4.587920706100987 9.827065595065294 21.049016405470176 0.8412815277768776
4.961035107941607 24.611869342229188 122.10034787887069 605.744112518961 -0.9692464870172105
2.6426900634802974 6.983810771617499 18.456047331380233 48.7736128937606 0.47846218232626664
0.9137992348429256 0.8350290415995163 0.7630488992852594 0.6972735003146067 0.791829800401771
4.557060910860247 20.766804145290422 94.63559141399352 431.26015440885146 -0.9879608301997417
1.2385666516730551 1.534047350636603 1.9000198905858985 2.353301273995181 0.9453174818475494
3.334590291602119 11.119492412847103 37.07895144742337 123.64311151936431 -0.19180173526469355
1.592254921644064 2.5352757354997446 4.036805267574243 6.427623055013771 0.9997697731881562
1.3396947548532512 1.7947820361813127 2.4044600799769427 3.221242557399139 0.9734146706599992
4.7493301091091755 22.556136485290974 107.12653815476844 508.77929314307465 -0.9993177540949765
0.11612205861173731 0.013484332496227757 0.0015658284484671137 0.00018182722286882387 0.11586126309844184
5.6237019393505125 31.626023502654714 177.8553297058242 1000.2053625904684 -0.6127086347668766
5.631065430249132 31.70889787974684 178.55487868194243 1005.4542047482137 -0.6068726443348261
2.1480054668073967 4.613927485434462 9.91074146216613 21.288326840847578 0.8379888484474757
0.22842229770409592 0.05217674608841862 0.011918332228239781 0.002722412832375308 0.2264410847311848
5.776397522663313 33.366768339830855 192.73971797747961 1113.3412294439388 -0.48537128969886106
3.3366956373974945 11.133537776627472 37.149226928073084 123.95566342359099 -0.1938675659592786
3.46411742268276 12.000109518134247 41.56978845587006 144.00262844721613 -0.3169621557201858
4.556894078553517 20.76528364315611 94.62519807298229 431.1970047807267 -0.987935006787769
1.6678781117409063 2.781817395624411 4.639732345022049 7.738508022598582 0.995291263529543
4.072881213622008 16.588361380275078 67.56242543049521 275.17373328260175 -0.8023896201465189
3.1249174304878196 9.765108947366597 30.515159160238444 95.35735275393917 0.016674450318775607
5.707460329841938 32.57510341671944 185.9211104914248 1061.1373626099669 -0.5444430431138925
6.1352809435738225 37.641672256580094 230.9422344800473 1416.8954902717915 -0.14736570119078474
1.1855411775546116 1.4055078836775752 1.6662874714774025 1.9754524110798162 0.9267025788779865
3.858690919571767 14.889495612785607 57.45396151805949 221.69707960316188 -0.6572003587463214
3.205539193984071 10.275481524168047 32.93845876277985 105.58552055351889 -0.06390296803112773
3.016104777352818 9.096888027970492 27.437167440205457 82.75337179343286 0.12515878819250723
3.2300703993061406 10.43335478447373 33.70047045478769 108.85489205870087 -0.08836235233351969
4.77794151215617 22.828725093585188 109.07431329424192 521.1506893984861 -0.9978522020691538
2.332104094544659 5.438709507791963 12.683636712160604 29.579561110146702 0.7239344419220225
3.3691785350287065 11.351364000898181 38.24477193512373 128.85346468088716 -0.22562631537926825
6.0106349760610875 36.12773281544887 217.1506144663269 1305.2130783844614 -0.2691885014971155
4.670983253000621 21.818084549812262 101.91190754472467 476.02881342275657 -0.9991429053331008
0.4834521640109589 0.23372599488687912 0.11299533801367603 0.05462784068586145 0.4648384698006048
1.4665654429523955 2.150814198462156 3.1543097776759534 4.626001716306407 0.9945728774866347
0.6665325424504187 0.4442656301454192 0.29611749998416365 0.19737195012850642 0.6182643909951204
2.4866971639682465 6.18366278528772 15.376896711110962 38.237685442152284 0.6090763582637219
0.28353915881153746 0.08039445457955426 0.022794976024599168 0.006463268327144013 0.2797552385217741
5.0728124363549245 25.733426014437185 130.5408435160563 662.2092144405125 -0.935747567145004
3.095059777949958 9.579395029083642 29.648800251610545 91.76480912323238 0.04651608445253277
3.0929126961732876 9.566108946149916 29.58713981252394 91.51044036960944 0.04866073323491155
1.0016323594707577 1.0032673835389572 1.0049050765541794 1.006545442873105 0.8423518309118034
4.66584729014763 21.77013093497798 101.5761064291261 473.93860092608526 -0.9989171310255957
2.39934234428604 5.75684368508403 13.812638823057803 33.14124921449188 0.6759479856340216
0.6067722121197293 0.3681725174006698 0.22339685282489397 0.1355510025691465 0.5702188305163397
4.702924201804234 22.117496047915992 104.01690744705363 489.1836314295796 -0.999955209317583
6.077375939115598 36.934498305341194 224.46483132418638 1364.1571650672515 -0.20435951383578516
2.2113627494460486 4.890125209637588 10.81384072871961 23.91332456593306 0.8017573642071878
4.157373210548067 17.28375201178274 71.85500759154182 298.72808360480394 -0.849892130354398
5.029131333316662 25.292161967747425 127.19760423931858 639.6934570027694 -0.9502551263396795
3.319313853723667 11.017844459521863 36.57168375266347 121.39289653421659 -0.17678712764710314
2.4718613745419433 6.1100986549523855 15.103316859817483 37.33330557325095 0.6207753353137293
2.9516549237592975 8.712266788952505 25.715605164716266 75.90359260188478 0.18879774504020827
1.0892593533046038 1.1864859387615636 1.2923909063604264 1.4077488828789089 0.886284133039236
0.6750231311772712 0.45565622762436747 0.30757849351142397 0.2076225977728694 0.6249153752314056
0.32381382429205363 0.10485539280264498 0.03395362574106995 0.010994653399796973 0.31818448121355947
0.8289410939424674 0.6871433372265345 0.5696013496558413 0.47216596589481896 0.7372163274985342
1.473822522120764 2.1721528267104095 3.2013677574940824 4.718247902586023 0.995301724185701
5.015285661388998 25.153090265334082 126.14993294735322 632.6779498960442 -0.9544764545565022
3.2453920439507358 10.532569518938734 34.18231731912179 110.93502067127731 -0.10361309622108085
0.5120132231562479 0.26215754068684965 0.13422812738178908 0.06872657613897723 0.4899332858409682
0.6584989073522274 0.43362081098407734 0.28553883023820165 0.18802700771848893 0.6119303101267021
5.013758344071463 25.137772732746217 126.03471779017845 631.9076179631993 -0.9549309189095998
5.165830133531453 26.685800968501592 137.85431478050836 712.1319733304805 -0.8989449909576006
3.840359209354379 14.748358856872992 56.638995758855415 217.514088971104 -0.6432738072385948
3.8957954105475667 15.177221880843485 59.127351348252155 230.34806402035423 -0.6847078415147893
6.260441431221208 39.19312691375105 245.3662755499581 1536.101197277397 -0.022741915168974593
5.905419417685355 34.87397849877524 205.94546979860885 1216.1943763330376 -0.36884480604226344
2.747068959421576 7.546387867817541 20.73044786743714 56.94796985154377 0.3843685165283602
2.768479448694172 7.664478457841987 21.218951095494745 58.74423003072389 0.3645162009380036
2.3857126987582835 5.691625081016532 13.578582232352286 32.39459606285645 0.6859292493213092
1.257053760859436 1.5801841576908524 1.9863764382757862 2.4969819722171485 0.9511852009248714
4.015381480335685 16.123288432622793 64.74115377446414 259.960429881548 -0.7667665812049501
2.4433746472999935 5.970079667068368 14.587141300876036 35.64185123114315 0.6428537211351204
4.31049425164046 18.580360693425447 80.09053796241675 345.2298034977894 -0.920321499015043
1.105093024371835 1.2212305925152893 1.3495734089381293 1.4914041600952446 0.8935059677325149
4.189670973398437 17.553342865337406 73.54273108901468 308.1198457480916 -0.8664654521224919
2.029875878763079 4.120396083184182 8.363892620205439 16.977663882319547 0.8964607490502872
3.036681118887015 9.221432217804894 28.002549104904535 85.03481214757008 0.10471919033873263
5.416432519067464 29.337741233611514 158.90589565371982 860.7030606903493 -0.7622310225897151
2.62554418027527 6.893482242577339 18.099142183829848 47.520097428729095 0.49344705684323964
2.7502987208460485 7.564143053887411 20.803652965403067 57.21626013967316 0.3813848666392925
0.30330246008362394 0.09199238229277829 0.02790151585835286 0.008462598399900668 0.29867355004224566
3.181756497438298 10.123574408990827 32.21074865310664 102.48675881437397 -0.040153046440050556
2.9372546261121104 8.627464738616993 25.341060715121873 74.43314781607958 0.2029190038803491
0.49668362712086545 0.2466946254499389 0.12252918135969901 0.06085823822588564 0.4765125164941482
4.529382672866737 20.515307397265424 92.9216778537088 420.8778376042934 -0.983301029716645
1.905845064724402 3.6322454107343605 6.922496989915939 13.193206723800822 0.9443942849823551
2.454801920362277 6.026052468214322 14.792765171176358 36.31330834967193 0.6340587742908002
1.5553679758637908 2.419169540342626 3.7626988312340472 5.852381264921552 0.9998809853545959
2.4583975072609987 6.0437183037070925 14.857862012421188 36.526530934564136 0.6312742687501645
2.938198534774959 8.633010629753715 25.36549918303901 74.52887253344063 0.20199464248140336
6.054112586667122 36.65227921204127 221.89702490765677 1343.3895714374328 -0.2270745647758683
2.613544020495885 6.8306123470697955 17.852106056009628 46.657265035942345 0.5038487266166997
1.6408815416957943 2.6924922338779664 4.41806080772963 7.249514429493162 0.9975450364585846
5.493687664424155 30.18060415424613 165.80281274705038 910.8688671152987 -0.709999601005737
0.8514022270331807 0.7248857521970598 0.617169343765199 0.5254593537382971 0.7522051124467053
5.7885737556280485 33.50758612434581 193.96113365383474 1122.758327880452 -0.47468979296023184
4.2425798973513515 17.999484185409806 76.3642497677132 323.98143094081763 -0.8916547356221363
0.14170388431453676 0.02007999082982762 0.002845412697586852 0.00040320603172596124 0.14123012476953997
4.124554567363024 17.01195037915518 70.16671763609763 289.4064557028381 -0.8321435778865833
1.8981121586807852 3.6028297669318303 6.838574986270367 12.980382329490068 0.9469087204471268
5.933914045642384 35.21133590107196 208.94104066920283 1239.8381759381193 -0.3422131594396799
5.912672210794879 34.959692672306005 206.70520336147308 1222.1801117420862 -0.3620937581334996
1.2531616610235696 1.5704141486593521 1.9679828030288686 2.4662005983094777 0.9499768170488805
1.988123132861721 3.9526335914199047 7.858322278828217 15.623312308021013 0.9141756993341764
5.319713742906702 28.29935430647043 150.5444640195167 800.8534541631465 -0.8211776394507211
1.0021079200899583 1.0042202835070222 1.0063370996173702 1.008458377806924 0.8426080285849334
1.245116758325827 1.5503157418638156 1.9303241108909734 2.4034788994707528 0.9474335154299038
5.54267081339116 30.72119974561822 170.27749718239804 943.7921138101731 -0.6746677598544939
5.380155458869908 28.946072761607667 155.73437138120903 837.8751283202853 -0.785206695197321
1.064621839385137 1.1334196608957925 1.2066633241781568 1.2846401277051331 0.8746056451926169
3.0595986482171966 9.361143888172498 28.641343186019245 87.6310148950693 0.08190216173714647
4.5670460893600895 20.857909982339287 95.25903621706742 435.0524088313689 -0.989456302545886
4.030662556391196 16.24624064349401 65.48311384385211 263.94033504631665 -0.7764859971336494
0.8351435213081988 0.6974647011830579 0.5824831265341897 0.48645700939637226 0.7413928323914731
0.4189594069742565 0.17552698469222067 0.07353868141463217 0.030809722355143072 0.4068100784794844
0.35638461487813655 0.12700999372183772 0.04526440769823167 0.016131538505221255 0.3488883109069674
2.9874478155935926 8.924844450894929 26.66250705933865 79.65284847267 0.15353513302445201
3.8596106598650533 14.896594445743952 57.495054718479906 221.90852608096958 -0.6578933035799774
0.022612706065530237 0.000511334475606068 1.1562656198052056e-05 2.614629459433325e-07 0.02261077900543317
5.9604779404724475 35.52729727885867 211.7596717152439 1262.1888519403985 -0.3171353329850395
1.1053696232146908 1.2218420039257876 1.3505870355073306 1.4928978825573842 0.8936301406260023
1.2024287309196626 1.4458348529410705 1.7385133673413484 2.090438421979127 0.9329164056603719
3.4605604140318085 11.975478379164002 41.44186641802875 143.41208240982448 -0.313586554853508
1.099805307711451 1.2095717148702791 1.3302933920719746 1.4630637334142278 0.8911190315043896
0.6942996823655604 0.48205204893291803 0.33468858445779254 0.2323741778804244 0.6398474009867077
4.516384097303353 20.397725314374625 92.1239622310036 416.0671980006794 -0.9808524615436092
4.308991508181953 18.567407817584183 80.00680261492145 344.7486330644862 -0.9197326427406124
5.220857128890939 27.25734916029134 142.3067256781765 742.963083246035 -0.8734912984207347
1.0942819149549772 1.197452909397532 1.31035106276394 1.4338934702246138 0.8885991033576623
0.5974260313991357 0.3569178629933211 0.2132320224235603 0.12739036092371914 0.5625162173169613
5.902437092748141 34.838763633849126 205.6336107379161 1213.7394515352082 -0.3716152058052224
3.782235982866616 14.305309030090998 54.1060545596369 204.64186644640304 -0.5977113294292623
1.951520540323216 3.808432419303417 7.432234092703458 14.50415749240128 0.9283957664426785
4.428052276988452 19.607646967742614 86.82368580189839 384.4598196116261 -0.9598479323187861
0.7886377074245138 0.621949433571793 0.49049277542603376 0.38682109792027414 0.7093937703150972
0.42991855164748183 0.1848299610506685 0.07946182915596388 0.034162114501991636 0.4167967672837603
2.7555824566048517 7.593234675148429 20.92378425972265 57.65721283187647 0.37649519394194825
0.23595046903474812 0.05567262383771763 0.013135981706904573 0.003099441044976005 0.23376722496636196
2.0234544497098335 4.094367910050525 8.284766966340886 16.763848582851505 0.8992877307552846
2.2732096837202254 5.167482266159407 11.7467707278861 26.70287297107196 0.76328523424587
2.3403447439917398 5.477213520729762 12.818567874960392 29.999867951664918 0.718224959102001
0.01014966095804935 0.00010301561756335124 1.045573591652089e-06 1.0612217461958641e-08 0.01014948669668166
5.237721474149939 27.433726240771414 143.69021704723912 752.60933545359 -0.8651572435952052
2.023412384634969 4.094197678294172 8.284250287404166 16.762454628949392 0.8993061274353633
6.157060047966553 37.90938843426589 233.41038097146384 1437.1217314600526 -0.1257911337837294
3.498107331873398 12.236754905306425 42.80548205259017 149.73817061254084 -0.34901019873746175
1.8244862440879317 3.328750054866088 6.073258685110125 11.080576927770982 0.9679929275335911
2.525447227195592 6.377883697349904 16.107008698848283 40.677400456921674 0.5778936974597673
1.065931197377981 1.1362093175436563 1.2111209583213283 1.2909716132730213 0.8752397178578363
2.6132410238105215 6.829028648526262 17.845897817106152 46.63563228239243 0.5041104295693084
4.135493249426991 17.102304416056217 70.72646446224591 292.488816339456 -0.8381598306471331
5.138193321076132 26.401030604751373 135.65359912286007 697.0144169930187 -0.9107067919025189
2.88511283390723 8.323876064376206 24.015321661184995 69.28691273509513 0.25367709911098757
3.7801329808554276 14.28940535295094 54.01585245150194 204.187105340943 -0.596024008264541
3.6558433870715934 13.3651908707951 48.8610446619459 178.6283270127847 -0.4918826296446675
5.509207351556512 30.351365642444314 167.21196672713396 921.2053963613492 -0.6989855400202831
4.270000227200523 18.232901940292518 77.85449542757391 332.4387131643227 -0.9037316186147536
0.5249668937900915 0.27559023957561724 0.14467575202887895 0.07594998014934612 0.5011843568030828
2.178148193564555 4.744329553128534 10.333852845821847 22.508662908688787 0.8211621714959959
2.8001607092334173 7.840899997534595 21.95578009812477 61.479712771338 0.3348367220005331
0.024418770228080776 0.0005962763394518041 1.45603349255147e-05 3.555454729900431e-07 0.024416343577942024
3.186166314388635 10.151655782944859 32.34486369088749 103.05611513539779 -0.04455890235667187
1.1704323632206117 1.369911916874186 1.6033892422711318 1.8766586599939068 0.9209191989080192
1.1701740457025462 1.3693072972358649 1.602327859816511 1.875002474263389 0.9208184880141423
2.789288136124756 7.780128306326315 21.70101958236438 60.53039646289997 0.34506169583168755
3.2384476833624976 10.487543397875926 33.96336062101495 109.98856652233094 -0.09670366961183385
0.09824697460422317 0.009652468018882874 0.0009483257803192621 9.317013885555667e-05 0.09808899657067698
0.17260665859158716 0.02979305859015273 0.005142480292469645 0.0008876263401562733 0.17175085438934753
2.441979467885822 5.963263721575922 14.562167569676797 35.56051421306352 0.6439217871571897
1.4392822476258618 2.0715333883309524 2.98152123118899 4.291250578969916 0.9913644808891039
0.14845642199893763 0.022039309232726654 0.0032718769920187505 0.00048573115145575033 0.14791170976760978
2.6051868545279633 6.786998547005303 17.681399396358604 46.0633492770521 0.5110499000703652
5.2720452685898795 27.794461314060936 146.5336582637994 772.5320797388299 -0.8474376359248611
5.514081428812741 30.40509400357756 167.65616418643265 924.469741366388 -0.6954916239216419
1.7697536322129508 3.132027918730932 5.542917785366436 9.809598883710015 0.9802731964685046
3.8145235226040155 14.550589704499346 55.503566695572566 211.71966074868237 -0.6232805952500456
1.8334308987872967 3.3614688606279945 6.163020874386694 11.299472900971669 0.9657093278564418
0.3173856987441216 0.1007336817672943 0.03197142997478068 0.01014727464239452 0.31208390113412077
3.0446052256426794 9.26962098001071 28.222336475467625 85.92587311305473 0.0968354464167958
3.8109763183000323 14.52354049864367 55.34886889820246 210.9332286157428 -0.6205027721668657
4.448922818381821 19.792914243918442 88.05714782204332 391.75945426710956 -0.9654930918445408
4.951584655632485 24.51819060189507 121.40389636821622 601.1416703908558 -0.9715288507396589
2.2127656460032097 4.896331804132002 10.83443480761621 23.974065136154543 0.8009181348400174
0.1696452616704518 0.028779514807236062 0.004882308320222204 0.0008282604725399198 0.16883271373559453
0.8036542607685918 0.6458601708515118 0.5190482781655481 0.417135360292344 0.7198972435828132
5.7348814910769415 32.888865716696884 188.61374726119993 1081.6774881309198 -0.5212404393618228
4.198511218845434 17.627496454770974 74.00924162551405 310.72863126296323 -0.8708449157012801
6.1246033046863 37.51076563977434 229.73855919867523 1407.0575388820755 -0.15791816108510823
3.361828287651933 11.301889435656728 37.995011608705326 127.73270481580914 -0.2184595717005324
0.9223897808438609 0.8508029078051857 0.7847719076717449 0.7238655879297594 0.7970471242032603
1.1508275736804832 1.324404104343308 1.5241607619738824 1.7540462316013996 0.9131016811107743
1.1471314659316958 1.3159106001306013 1.5095224557628744 1.7316207075360794 0.9115884263959857
4.412286905013945 19.468275732157533 85.89961807619945 379.01375998331395 -0.9553063188139932
2.513479954905431 6.3175814837114075 15.879114422790334 39.911835803333226 0.587618718229185
3.7554446694220025 14.103364665090133 52.96440565242737 198.90489487651294 -0.5760204993281869
